0 20
0 291
0 16
0 568
0 589
0 28
0 346
0 528
0 338
0 8
0 445
0 674
0 424
0 467
0 5
0 70
0 71
0 64
0 22
0 136
0 585
0 320
0 308
0 569
0 352
0 85
0 506
0 317
0 65
1 292
1 570
1 283
1 600
1 342
1 293
1 316
1 586
1 26
1 31
1 289
1 654
1 795
1 579
1 613
2 4
2 340
2 571
2 23
2 42
2 13
2 611
2 593
2 605
2 279
2 591
2 729
2 121
2 389
2 95
2 362
2 617
2 160
2 589
2 655
2 681
2 90
2 165
2 352
2 8
2 690
2 314
2 381
2 39
4 13
4 42
4 605
4 591
4 362
4 571
4 23
4 340
4 2
4 279
4 389
4 690
4 90
4 569
4 121
4 95
4 729
4 366
4 611
4 617
4 587
4 165
4 576
4 314
4 374
4 38
4 281
4 133
4 650
5 40
5 7
5 576
5 281
5 585
5 491
5 291
5 484
5 39
5 569
5 133
5 60
5 589
5 315
5 346
5 44
5 528
5 309
5 16
5 568
5 677
5 633
5 34
5 599
5 313
5 14
5 763
5 21
5 93
6 568
6 352
6 7
6 48
6 346
6 277
6 497
6 196
6 11
6 20
6 585
6 314
6 313
6 16
6 528
6 422
6 665
6 281
6 76
6 71
6 445
6 569
6 341
6 143
6 65
6 291
6 374
6 118
6 574
7 281
7 40
7 309
7 576
7 133
7 384
7 60
7 677
7 172
7 650
7 314
7 599
7 720
7 491
7 44
7 374
7 366
7 678
7 569
7 528
7 71
7 313
7 228
7 39
7 445
7 14
7 487
7 667
7 763
8 569
8 585
8 528
8 374
8 568
8 314
8 423
8 228
8 315
8 366
8 16
8 281
8 599
8 424
8 20
8 11
8 309
8 291
8 0
8 346
8 491
8 22
8 7
8 60
8 341
8 352
8 720
8 39
8 313
9 649
9 288
9 289
9 29
9 327
9 300
9 10
9 602
9 581
9 623
9 35
9 287
9 49
9 686
9 302
9 584
9 631
9 19
9 323
9 27
9 582
9 321
9 335
9 586
9 98
9 342
9 298
9 26
9 316
10 300
10 19
10 29
10 328
10 643
10 18
10 582
10 15
10 299
10 623
10 584
10 342
10 634
10 37
10 298
10 601
10 103
10 602
10 9
10 30
10 36
10 321
10 287
10 296
10 319
10 61
10 35
10 580
10 335
11 528
11 7
11 569
11 585
11 20
11 281
11 366
11 568
11 337
11 576
11 346
11 374
11 133
11 118
11 423
11 636
11 491
11 40
11 309
11 71
11 76
11 44
11 196
11 352
11 60
11 677
11 228
11 21
11 22
12 576
12 76
12 11
12 7
12 281
12 40
12 632
12 569
12 309
12 337
12 366
12 720
12 585
12 553
12 14
12 313
12 120
12 102
12 34
12 392
12 678
12 5
12 442
12 352
12 334
12 223
12 314
12 39
12 197
13 690
13 4
13 571
13 605
13 340
13 362
13 42
13 389
13 23
13 165
13 279
13 38
13 90
13 611
13 587
13 121
13 2
13 314
13 655
13 576
13 569
13 678
13 39
13 133
13 352
13 366
13 720
13 281
13 44
14 650
14 487
14 40
14 366
14 172
14 720
14 677
14 60
14 39
14 374
14 133
14 44
14 22
14 228
14 599
14 309
14 281
14 576
14 763
14 633
14 71
14 491
14 777
14 122
14 314
14 678
14 423
14 93
14 667
15 37
15 623
15 348
15 344
15 10
15 300
15 582
15 584
15 580
15 84
15 602
15 657
15 299
15 29
15 634
15 441
15 319
15 36
15 287
15 526
15 447
15 686
15 328
15 298
16 70
16 627
16 614
16 674
16 308
16 28
16 112
16 484
16 320
16 291
16 122
16 352
16 374
16 372
16 315
16 445
16 424
16 190
16 171
16 528
16 44
16 20
16 281
16 71
16 458
16 22
16 396
16 314
16 506
18 30
18 601
18 103
18 602
18 10
18 296
18 300
18 582
18 298
18 328
18 299
18 54
18 36
18 631
18 53
18 577
18 580
19 10
19 342
19 586
19 300
19 293
19 623
19 305
19 321
19 579
19 330
19 319
19 26
19 335
19 29
19 289
19 287
19 584
19 154
19 578
19 9
19 570
19 429
19 316
19 658
20 16
20 308
20 374
20 677
20 28
20 22
20 352
20 228
20 320
20 44
20 71
20 314
20 346
20 281
20 627
20 528
20 309
20 133
20 70
20 614
20 599
20 506
20 484
20 633
20 445
20 674
20 122
20 388
20 667
21 281
21 7
21 40
21 599
21 309
21 576
21 133
21 60
21 491
21 34
21 574
21 667
21 313
21 315
21 172
21 11
21 228
21 44
21 633
21 5
21 93
21 678
21 171
21 314
21 650
21 346
21 374
21 366
21 39
22 228
22 633
22 308
22 122
22 677
22 16
22 528
22 70
22 315
22 39
22 720
22 388
22 650
22 317
22 777
22 627
22 374
22 424
22 20
22 599
22 171
22 60
22 44
22 133
22 281
22 346
22 445
22 487
22 423
23 42
23 4
23 340
23 13
23 571
23 605
23 362
23 2
23 90
23 389
23 611
23 121
23 591
23 279
23 160
23 165
23 38
23 729
23 690
23 617
23 655
23 314
23 593
23 569
23 39
23 667
23 678
23 122
23 133
24 390
25 573
26 342
26 578
26 287
26 579
26 289
26 570
26 586
26 316
26 283
26 292
26 600
26 321
26 788
26 393
26 1
26 154
26 19
26 330
26 293
26 31
26 35
26 302
26 335
26 9
27 289
27 35
27 581
27 598
27 288
27 303
27 287
27 592
27 9
27 586
28 16
28 320
28 70
28 308
28 614
28 372
28 291
28 20
28 317
28 674
28 352
28 112
28 761
28 190
28 627
28 396
28 506
28 136
28 484
28 85
28 445
28 424
28 648
28 374
28 528
28 346
28 122
28 44
28 458
29 10
29 9
29 623
29 300
29 342
29 602
29 37
29 19
29 289
29 582
29 15
29 327
29 298
29 35
29 584
29 335
29 643
29 288
29 296
29 608
30 18
30 54
30 103
30 300
30 602
30 328
30 299
30 601
30 52
30 604
30 10
30 36
30 575
30 47
30 639
30 132
30 608
30 80
30 304
30 798
30 631
31 586
31 292
31 289
31 283
31 1
31 570
31 26
31 342
31 293
32 315
32 317
32 122
32 587
32 589
32 568
32 8
32 614
32 346
32 374
32 424
32 16
32 320
32 338
32 291
32 22
32 388
32 190
32 352
32 674
32 585
32 484
32 650
32 308
32 70
32 39
32 50
32 396
32 491
33 16
33 484
33 574
33 458
33 352
33 71
33 346
33 112
33 70
33 308
33 514
33 627
33 374
33 171
33 614
33 291
33 320
33 615
33 491
33 674
33 528
33 281
33 506
33 718
33 576
33 541
33 552
33 20
33 755
34 281
34 40
34 528
34 7
34 21
34 576
34 39
34 60
34 491
34 5
34 599
34 678
34 313
34 309
34 59
34 585
34 677
34 228
34 14
34 484
34 574
34 366
34 568
34 122
34 133
34 352
34 16
34 71
34 20
35 289
35 287
35 342
35 734
35 316
35 321
35 323
35 579
35 27
35 312
35 581
35 302
35 633
35 10
35 9
35 335
35 22
35 288
35 315
35 578
35 171
35 122
35 586
35 26
35 421
35 623
35 423
35 283
35 29
36 344
36 582
36 300
36 10
36 30
36 602
36 299
36 580
36 37
36 103
36 601
36 18
36 634
36 15
36 319
36 298
36 631
36 575
36 84
37 15
37 10
37 29
37 84
37 602
37 36
37 344
37 623
37 582
37 604
37 299
37 300
38 13
38 591
38 4
38 23
38 340
38 571
38 42
38 362
38 279
38 569
38 389
38 605
38 611
38 690
38 655
38 121
38 90
38 165
38 2
38 39
38 587
38 681
38 617
38 133
38 171
38 599
38 314
38 576
38 366
39 599
39 228
39 44
39 133
39 677
39 763
39 528
39 22
39 650
39 720
39 171
39 487
39 281
39 491
39 314
39 374
39 16
39 172
39 315
39 122
39 40
39 308
39 14
39 60
39 627
39 423
39 366
39 633
39 667
40 281
40 599
40 309
40 60
40 133
40 677
40 576
40 44
40 491
40 650
40 14
40 314
40 667
40 228
40 39
40 7
40 487
40 172
40 720
40 366
40 122
40 374
40 678
40 22
40 484
40 763
40 308
40 313
40 315
41 579
41 595
41 316
41 600
42 4
42 13
42 23
42 571
42 340
42 605
42 2
42 389
42 591
42 90
42 611
42 362
42 729
42 121
42 279
42 690
42 655
42 165
42 38
42 587
42 569
42 314
42 120
42 576
42 617
42 593
42 720
42 39
42 160
44 374
44 133
44 309
44 599
44 650
44 172
44 281
44 308
44 720
44 228
44 314
44 171
44 384
44 763
44 445
44 315
44 16
44 122
44 678
44 487
44 39
44 71
44 352
44 528
44 70
44 677
44 627
44 777
44 576
45 497
45 317
45 16
45 291
45 568
45 506
45 85
45 615
45 122
45 346
45 343
45 70
45 112
45 627
45 372
45 528
45 196
45 614
45 424
45 396
45 28
45 514
45 352
45 674
45 315
45 22
45 282
45 171
45 461
46 673
46 709
47 299
47 103
47 30
47 601
47 10
47 132
47 54
47 304
48 281
48 16
48 7
48 574
48 599
48 40
48 277
48 568
48 484
48 528
48 576
48 71
48 65
48 352
48 39
48 291
48 314
48 309
48 491
48 632
48 247
48 627
48 60
48 44
48 718
48 171
48 678
48 33
48 341
49 98
49 9
49 300
49 77
49 288
49 649
50 587
50 16
50 282
50 291
50 458
50 32
50 112
50 190
50 627
50 396
50 674
50 424
50 338
50 614
50 372
50 761
50 506
50 28
50 320
50 648
50 122
50 315
50 70
50 95
50 85
50 308
50 352
50 484
50 670
51 491
51 281
51 60
51 777
51 576
51 374
51 720
51 718
51 366
51 40
51 133
51 7
51 677
51 349
51 39
51 14
51 172
51 44
51 552
51 599
51 650
51 678
51 228
51 223
51 208
51 739
51 309
51 71
51 93
52 306
52 604
52 30
52 304
52 54
52 103
52 575
53 18
53 328
54 30
54 604
54 304
54 103
54 52
54 18
54 299
54 47
55 34
55 128
55 59
55 349
55 281
55 479
55 120
55 140
55 223
55 453
55 632
55 337
55 636
55 129
55 528
55 258
55 437
55 173
55 247
55 497
55 625
55 14
55 576
55 758
55 677
55 727
55 228
55 553
55 133
56 297
58 429
58 342
58 62
58 570
58 586
58 154
59 16
59 39
59 491
59 281
59 33
59 484
59 576
59 308
59 34
59 291
59 122
59 528
59 352
59 678
59 356
59 40
59 315
59 374
59 112
59 677
59 171
59 60
59 568
59 314
59 599
59 674
59 14
59 445
59 614
60 677
60 281
60 314
60 228
60 133
60 40
60 172
60 122
60 599
60 491
60 720
60 763
60 650
60 487
60 16
60 309
60 22
60 374
60 44
60 14
60 39
60 777
60 678
60 576
60 627
60 528
60 667
60 445
60 366
61 10
61 348
61 608
61 328
62 58
62 154
62 570
63 294
63 573
64 16
64 589
64 291
64 568
64 0
64 674
64 352
64 70
64 718
64 112
64 506
64 320
64 424
64 20
64 308
64 28
64 574
64 599
64 484
64 445
64 374
64 205
64 315
64 614
64 277
64 40
64 759
64 497
64 167
65 16
65 514
65 352
65 71
65 346
65 112
65 614
65 627
65 70
65 506
65 20
65 291
65 484
65 320
65 574
65 674
65 445
65 528
65 282
65 374
65 667
65 281
65 424
65 568
65 196
65 33
65 308
65 171
65 44
67 5
67 7
67 34
67 528
67 11
67 20
67 40
67 677
67 281
67 228
67 568
67 452
67 21
67 484
67 313
67 678
67 576
67 284
67 309
67 339
67 118
67 632
67 39
67 65
67 229
67 71
67 599
67 60
67 380
70 614
70 16
70 627
70 320
70 674
70 308
70 761
70 190
70 484
70 372
70 424
70 112
70 374
70 445
70 136
70 28
70 315
70 71
70 352
70 648
70 171
70 317
70 291
70 528
70 22
70 151
70 44
70 396
70 122
71 374
71 70
71 445
71 16
71 528
71 44
71 171
71 627
71 309
71 484
71 352
71 308
71 281
71 650
71 346
71 599
71 133
71 614
71 20
71 424
71 674
71 22
71 315
71 122
71 314
71 151
71 190
71 320
71 720
73 295
73 196
73 743
73 16
73 698
73 33
73 528
73 568
73 484
73 627
73 433
73 352
73 291
73 416
73 669
73 574
73 59
73 585
73 755
73 614
73 356
73 282
73 338
73 707
73 786
73 392
73 511
73 122
73 48
74 759
74 667
74 574
74 576
74 642
74 337
74 11
74 65
74 7
74 346
74 374
74 422
74 60
74 21
74 40
74 352
74 465
74 71
74 677
74 172
74 445
74 497
74 453
74 491
74 599
74 163
74 133
74 171
74 281
76 615
76 352
76 576
76 11
76 528
76 7
76 636
76 281
76 620
76 569
76 196
76 228
76 366
76 720
76 763
76 374
76 39
76 777
76 718
76 313
76 189
76 314
76 44
76 552
76 171
76 33
76 16
76 120
76 315
77 582
77 300
77 10
77 49
79 20
79 633
79 0
79 85
79 171
79 45
79 352
79 589
79 22
79 70
79 506
79 497
79 291
79 39
79 528
79 674
79 346
79 614
79 468
79 484
79 585
79 16
79 568
79 308
79 667
79 343
79 514
79 421
79 569
80 30
80 103
80 604
80 304
82 13
82 681
82 571
82 611
82 389
82 23
83 280
83 76
83 572
83 520
83 388
83 228
83 763
83 352
83 285
83 587
83 660
83 537
83 281
83 684
83 605
83 314
83 678
83 189
83 13
83 44
83 143
83 346
83 576
83 423
83 313
83 528
83 720
83 673
83 366
84 344
84 37
84 15
84 580
84 623
84 447
84 36
85 16
85 28
85 70
85 614
85 674
85 171
85 424
85 136
85 627
85 112
85 528
85 22
85 372
85 317
85 308
85 352
85 291
85 484
85 506
85 190
85 20
85 761
85 320
85 315
85 39
85 396
85 445
85 458
85 122
87 581
87 297
87 637
87 603
87 353
87 649
87 335
87 630
87 237
88 528
88 71
88 552
88 20
88 568
88 352
88 291
88 374
88 16
88 497
88 315
88 627
88 484
88 424
88 281
88 615
88 0
88 70
88 256
88 682
88 585
88 346
88 479
88 574
88 543
88 143
88 576
88 467
88 93
89 570
89 305
90 13
90 4
90 389
90 571
90 340
90 362
90 23
90 42
90 605
90 121
90 690
90 611
90 591
90 655
90 165
90 2
90 39
90 314
90 487
90 228
90 160
90 40
90 593
90 720
90 576
90 279
90 569
90 763
90 133
91 573
91 671
92 7
92 5
92 576
92 777
92 60
92 39
92 40
92 281
92 14
92 528
92 380
92 599
92 133
92 763
92 171
92 76
92 720
92 44
92 247
92 228
92 309
92 366
92 51
92 421
92 650
92 484
92 313
92 677
92 491
93 374
93 44
93 309
93 650
93 133
93 281
93 308
93 677
93 576
93 172
93 599
93 720
93 143
93 314
93 71
93 346
93 667
93 228
93 40
93 763
93 60
93 20
93 541
93 14
93 151
93 22
93 16
93 384
93 487
95 627
95 16
95 484
95 424
95 70
95 445
95 314
95 291
95 614
95 543
95 352
95 28
95 320
95 528
95 615
95 71
95 112
95 190
95 374
95 458
95 308
95 648
95 151
95 568
95 122
95 372
95 315
95 552
95 674
96 7
96 281
96 11
96 576
96 314
96 120
96 8
96 568
96 569
96 313
96 309
96 497
96 528
96 40
96 632
96 763
96 60
96 384
96 341
96 374
96 366
96 762
96 277
96 352
96 143
96 48
96 423
96 665
96 679
98 49
98 602
98 9
98 10
100 576
100 281
100 667
100 337
100 309
100 677
100 650
100 20
100 777
100 60
100 40
100 528
100 16
100 133
100 599
100 720
100 314
100 71
100 349
100 627
100 574
100 313
100 759
100 7
100 44
100 172
100 247
100 484
100 745
102 374
102 71
102 40
102 16
102 315
102 491
102 39
102 424
102 720
102 281
102 484
102 528
102 8
102 20
102 309
102 60
102 576
102 352
102 633
102 228
102 366
102 22
102 314
102 677
102 665
102 14
102 585
102 7
102 755
103 18
103 601
103 602
103 30
103 604
103 54
103 10
103 299
103 300
103 304
103 47
103 36
103 52
103 582
103 296
103 80
103 575
103 328
105 171
105 791
105 85
105 70
105 16
105 528
105 497
105 136
105 445
105 346
105 648
105 484
105 674
105 424
105 71
105 396
105 28
105 627
105 614
105 589
105 282
105 458
105 372
105 190
105 467
105 352
105 291
105 122
105 506
107 20
107 718
107 71
107 22
107 11
107 16
107 528
107 70
107 267
107 346
107 196
107 424
107 373
107 33
107 352
107 374
107 568
107 281
107 614
107 320
107 514
107 755
107 228
107 667
107 341
107 308
107 633
107 759
107 627
108 281
108 632
108 576
108 40
108 133
108 309
108 337
108 313
108 44
108 585
108 277
108 491
108 541
108 5
108 346
108 93
108 334
108 172
108 366
108 553
108 599
108 21
108 171
108 650
108 7
108 60
108 39
108 14
108 65
110 588
110 13
110 611
110 362
110 122
110 23
110 690
110 4
110 571
110 32
110 190
110 121
112 16
112 674
112 70
112 320
112 614
112 761
112 424
112 291
112 190
112 627
112 308
112 372
112 484
112 374
112 352
112 28
112 648
112 396
112 458
112 136
112 315
112 71
112 568
112 217
112 506
112 122
112 346
112 445
112 317
113 748
113 632
113 76
113 373
113 576
113 169
113 636
113 745
113 208
113 100
113 48
113 777
113 170
113 696
113 295
113 718
113 665
113 310
113 669
113 755
113 442
113 465
113 739
113 380
113 366
113 749
113 88
113 60
113 281
116 628
116 484
116 568
116 291
116 16
116 242
116 60
116 491
116 356
116 39
116 295
116 753
116 122
116 552
116 341
116 40
116 33
116 338
116 576
116 574
116 34
116 112
116 5
116 374
116 614
116 59
116 315
116 424
116 196
117 120
117 7
117 281
117 718
117 620
117 528
117 506
117 576
117 569
117 337
117 667
117 763
117 314
117 247
117 313
117 677
117 76
117 172
117 228
117 60
117 678
117 421
117 625
117 118
117 497
117 745
117 20
117 11
117 532
118 228
118 11
118 39
118 20
118 133
118 172
118 22
118 7
118 528
118 777
118 281
118 171
118 497
118 677
118 143
118 122
118 423
118 421
118 667
118 60
118 352
118 576
118 763
118 633
118 491
118 120
118 366
118 569
118 720
120 281
120 314
120 763
120 678
120 528
120 384
120 576
120 228
120 172
120 677
120 60
120 667
120 133
120 7
120 143
120 720
120 309
120 313
120 627
120 650
120 497
120 777
120 553
120 171
120 445
120 44
120 122
120 487
120 599
121 13
121 690
121 605
121 571
121 4
121 362
121 611
121 23
121 2
121 165
121 340
121 90
121 42
121 389
121 593
121 655
121 591
121 160
121 314
121 729
121 569
121 279
121 617
121 381
121 352
121 366
121 38
121 587
121 39
122 16
122 627
122 677
122 133
122 228
122 315
122 22
122 190
122 599
122 281
122 44
122 763
122 777
122 60
122 314
122 445
122 374
122 528
122 720
122 650
122 172
122 171
122 70
122 678
122 308
122 491
122 614
122 484
122 291
123 418
124 528
124 337
124 281
124 585
124 726
124 636
124 366
124 615
124 7
124 442
124 11
124 71
124 632
124 247
124 33
124 569
124 720
124 349
124 576
124 491
124 120
124 759
124 133
124 65
124 374
124 60
124 39
124 314
124 309
127 21
127 281
127 423
127 314
127 228
127 5
127 133
127 8
127 599
127 726
127 315
127 44
127 366
127 569
127 7
127 40
127 60
127 650
127 720
127 467
127 678
127 309
127 576
127 71
127 388
127 763
127 374
127 39
127 346
128 14
128 59
128 718
128 366
128 491
128 76
128 281
128 39
128 726
128 172
128 576
128 413
128 777
128 650
128 632
128 585
128 337
128 133
128 171
128 189
128 677
128 40
128 720
128 667
128 60
128 479
128 228
128 314
128 374
129 726
129 281
129 632
129 7
129 34
129 679
129 433
129 349
129 60
129 51
129 118
129 585
129 590
129 749
129 467
129 337
129 14
129 682
129 11
129 40
129 120
129 758
129 777
129 309
129 247
129 76
129 479
129 528
129 314
130 576
130 628
130 242
130 627
130 484
130 636
130 356
130 93
130 100
130 650
130 543
130 281
130 615
130 337
130 528
130 137
130 120
130 794
130 291
130 247
130 463
130 59
130 778
130 552
130 71
130 574
130 373
130 451
130 128
131 281
131 632
131 585
131 310
131 726
131 337
131 313
131 65
131 40
131 718
131 568
131 421
131 60
131 133
131 5
131 682
131 291
131 309
131 467
131 16
131 247
131 678
131 124
131 484
131 33
131 120
131 576
131 11
131 363
132 30
132 47
133 172
133 599
133 44
133 228
133 171
133 281
133 309
133 677
133 650
133 720
133 314
133 122
133 374
133 763
133 60
133 384
133 366
133 678
133 423
133 487
133 39
133 667
133 16
133 528
133 491
133 40
133 445
133 777
133 315
134 570
135 160
135 612
135 76
135 571
135 397
135 4
136 70
136 761
136 308
136 648
136 424
136 190
136 171
136 445
136 151
136 16
136 458
136 374
136 627
136 614
136 674
136 291
136 28
136 320
136 315
136 112
136 44
136 71
136 352
136 528
136 317
136 484
136 22
136 506
136 85
137 484
137 491
137 40
137 698
137 552
137 291
137 295
137 627
137 374
137 677
137 122
137 60
137 718
137 574
137 541
137 16
137 281
137 34
137 366
137 14
137 315
137 33
137 743
137 599
137 151
137 39
137 5
137 768
137 506
140 281
140 314
140 60
140 576
140 309
140 313
140 120
140 40
140 143
140 228
140 93
140 677
140 384
140 678
140 745
140 763
140 133
140 759
140 528
140 212
140 627
140 650
140 7
140 552
140 100
140 720
140 173
140 667
140 599
141 528
141 313
141 60
141 491
141 314
141 39
141 11
141 763
141 506
141 281
141 487
141 7
141 40
141 6
141 277
141 569
141 8
141 452
141 118
141 16
141 228
141 309
141 346
141 576
141 677
141 120
141 291
141 20
141 678
142 759
142 71
142 281
142 718
142 568
142 291
142 0
142 16
142 277
142 64
142 247
142 574
142 196
142 112
142 205
142 755
142 5
142 48
142 7
142 445
142 463
142 576
142 528
142 20
142 424
142 374
142 484
142 337
142 491
143 281
143 133
143 44
143 497
143 763
143 172
143 228
143 122
143 374
143 720
143 314
143 60
143 678
143 576
143 309
143 677
143 93
143 528
143 384
143 308
143 777
143 445
143 599
143 667
143 346
143 171
143 553
143 16
143 650
146 196
146 497
146 432
146 343
146 615
146 651
146 301
146 424
146 282
146 766
146 45
146 506
146 396
146 112
146 20
146 16
146 568
146 352
146 543
146 674
146 267
146 136
146 291
146 659
146 171
146 341
146 76
146 648
146 552
147 679
147 766
147 636
147 759
147 51
147 14
147 739
147 349
147 40
147 341
147 463
147 196
147 7
147 112
147 576
147 208
147 337
147 74
147 39
147 569
147 491
147 421
147 240
147 424
147 568
147 506
147 777
147 590
147 632
148 34
148 40
148 33
148 76
148 680
148 65
148 574
148 745
148 39
148 569
148 392
148 528
148 5
148 60
148 576
148 632
148 615
148 491
148 7
148 352
148 12
148 337
148 198
148 11
148 281
148 196
148 314
148 606
148 484
149 627
149 70
149 372
149 484
149 291
149 16
149 614
149 282
149 301
149 458
149 112
149 445
149 528
149 190
149 320
149 28
149 396
149 674
149 352
149 615
149 424
149 422
149 71
149 317
149 167
149 512
149 45
149 648
149 574
151 374
151 627
151 70
151 136
151 308
151 16
151 674
151 44
151 445
151 71
151 650
151 352
151 190
151 761
151 614
151 314
151 315
151 320
151 424
151 171
151 648
151 484
151 552
151 506
151 112
151 599
151 458
151 122
151 309
153 352
153 484
153 282
153 112
153 614
153 424
153 16
153 70
153 291
153 374
153 315
153 196
153 627
153 674
153 458
153 346
153 171
153 320
153 528
153 338
153 190
153 589
153 136
153 39
153 763
153 40
153 33
153 71
153 576
154 342
154 586
154 579
154 26
154 292
154 570
154 62
154 19
154 316
154 578
154 289
154 58
154 583
154 321
154 335
157 291
157 484
157 543
157 352
157 282
157 16
157 528
157 44
157 615
157 568
157 337
157 48
157 281
157 341
157 320
157 39
157 28
157 626
157 325
157 374
157 576
157 463
157 33
157 651
157 151
157 315
157 71
157 20
157 574
160 605
160 23
160 4
160 2
160 593
160 655
160 571
160 362
160 13
160 340
160 121
160 42
160 90
160 165
160 611
160 729
160 95
160 690
160 591
160 389
160 617
160 399
160 352
160 681
160 135
160 569
160 587
160 314
160 76
161 333
162 589
162 467
162 5
162 585
162 171
162 136
162 528
162 291
162 777
162 568
162 281
162 133
162 170
162 0
162 484
162 334
162 295
162 315
162 71
162 124
162 615
162 16
162 338
162 137
162 718
162 366
162 44
162 599
162 346
163 281
163 576
163 40
163 44
163 574
163 20
163 599
163 21
163 309
163 374
163 7
163 759
163 16
163 650
163 291
163 667
163 445
163 60
163 346
163 71
163 93
163 777
163 484
163 133
163 337
163 313
163 33
163 352
163 247
165 571
165 314
165 678
165 228
165 13
165 720
165 39
165 605
165 423
165 599
165 44
165 133
165 315
165 487
165 384
165 677
165 122
165 281
165 650
165 172
165 627
165 374
165 762
165 763
165 366
165 667
165 528
165 576
165 7
166 16
166 424
166 374
166 20
166 587
166 70
166 282
166 151
166 112
166 352
166 308
166 528
166 39
166 569
166 614
166 22
166 291
166 627
166 313
166 315
166 190
166 71
166 677
166 506
166 320
166 674
166 28
166 196
166 718
167 70
167 320
167 16
167 374
167 28
167 71
167 20
167 190
167 614
167 291
167 352
167 627
167 424
167 484
167 112
167 506
167 674
167 445
167 761
167 308
167 528
167 151
167 648
167 346
167 315
167 301
167 65
167 372
167 282
168 196
168 85
168 282
168 506
168 112
168 16
168 568
168 674
168 718
168 39
168 338
168 317
168 424
168 136
168 679
168 22
168 269
168 569
168 291
168 458
168 753
168 512
168 528
168 339
168 468
168 511
168 28
168 20
168 614
169 528
169 40
169 352
169 374
169 585
169 484
169 497
169 315
169 281
169 599
169 678
169 309
169 424
169 16
169 34
169 366
169 491
169 576
169 133
169 228
169 7
169 71
169 171
169 39
169 614
169 44
169 569
169 667
169 291
170 528
170 281
170 585
170 568
170 484
170 34
170 247
170 467
170 48
170 352
170 40
170 60
170 341
170 7
170 315
170 71
170 615
170 0
170 627
170 20
170 16
170 667
170 169
170 374
170 732
170 22
170 8
170 295
170 88
171 133
171 16
171 44
171 70
171 599
171 374
171 71
171 346
171 424
171 614
171 172
171 445
171 627
171 39
171 674
171 122
171 136
171 281
171 484
171 528
171 352
171 228
171 315
171 22
171 309
171 650
171 308
171 777
171 497
172 133
172 650
172 677
172 44
172 487
172 720
172 599
172 281
172 384
172 228
172 374
172 60
172 678
172 763
172 314
172 667
172 171
172 122
172 309
172 777
172 39
172 14
172 445
172 143
172 627
172 40
172 576
172 491
172 366
173 60
173 627
173 677
173 720
173 445
173 281
173 122
173 599
173 172
173 133
173 650
173 487
173 228
173 22
173 314
173 777
173 528
173 14
173 71
173 16
173 309
173 40
173 151
173 374
173 44
173 39
173 366
173 171
173 491
174 305
174 570
174 292
174 342
174 214
174 801
174 586
174 579
174 429
174 312
175 300
176 291
176 16
176 484
176 589
176 282
176 320
176 338
176 574
176 196
176 568
176 352
176 463
176 112
176 614
176 627
176 396
176 491
176 506
176 40
176 308
176 315
176 136
176 341
176 301
176 585
176 28
176 458
176 636
176 70
178 484
178 70
178 627
178 614
178 291
178 16
178 552
178 149
178 458
178 635
178 282
178 315
178 137
178 71
178 33
178 506
178 151
178 190
178 205
178 374
178 574
178 352
178 167
178 112
178 543
178 196
178 122
178 599
178 171
179 20
179 196
179 568
179 585
179 11
179 291
179 71
179 467
179 22
179 338
179 528
179 374
179 16
179 277
179 281
179 315
179 463
179 615
179 247
179 777
179 0
179 118
179 228
179 373
179 682
179 484
179 620
179 8
179 346
180 282
180 196
180 674
180 151
180 16
180 112
180 673
180 267
180 669
180 352
180 65
180 349
180 70
180 33
180 468
180 614
180 320
180 424
180 291
180 627
180 71
180 167
180 766
180 755
180 659
180 445
180 171
180 107
180 343
185 338
185 295
185 589
185 291
185 544
185 698
185 112
185 569
185 568
185 16
185 282
185 472
185 0
185 743
185 5
185 350
185 176
185 396
185 131
185 614
185 463
185 352
185 256
185 196
185 753
185 205
185 750
185 363
185 8
189 76
189 309
189 228
189 313
189 281
189 576
189 277
189 388
189 585
189 720
189 352
189 196
189 758
189 314
189 40
189 14
189 528
189 777
189 22
189 346
189 413
189 650
189 60
189 374
189 442
189 11
189 632
189 39
189 620
190 70
190 627
190 374
190 424
190 16
190 122
190 614
190 315
190 308
190 761
190 291
190 445
190 458
190 136
190 320
190 112
190 372
190 674
190 317
190 28
190 648
190 44
190 346
190 484
190 171
190 22
190 352
190 133
190 71
191 584
195 39
195 758
195 65
195 777
195 679
195 718
195 506
195 568
195 40
195 208
195 196
195 51
195 14
195 632
195 413
195 171
195 528
195 497
195 392
195 625
195 60
195 48
195 424
195 16
195 599
195 491
195 325
195 755
195 76
196 528
196 424
196 16
196 70
196 352
196 568
196 71
196 614
196 282
196 112
196 374
196 484
196 315
196 291
196 674
196 627
196 615
196 338
196 171
196 791
196 122
196 506
196 320
196 585
196 396
196 20
196 372
196 190
196 136
197 374
197 228
197 40
197 720
197 281
197 667
197 39
197 599
197 44
197 777
197 677
197 315
197 528
197 169
197 625
197 423
197 632
197 133
197 309
197 172
197 487
197 366
197 553
197 14
197 678
197 576
197 650
197 11
197 633
198 16
198 677
198 281
198 576
198 7
198 627
198 20
198 491
198 506
198 122
198 528
198 484
198 60
198 374
198 308
198 755
198 291
198 352
198 720
198 445
198 40
198 497
198 569
198 552
198 314
198 615
198 33
198 71
198 650
204 589
205 528
205 759
205 424
205 71
205 16
205 627
205 484
205 291
205 574
205 458
205 190
205 196
205 352
205 374
205 112
205 70
205 122
205 366
205 445
205 491
205 247
205 615
205 614
205 552
205 8
205 452
205 628
205 543
205 568
208 51
208 223
208 636
208 7
208 76
208 679
208 40
208 491
208 39
208 625
208 759
208 60
208 677
208 599
208 349
208 576
208 465
208 777
208 14
208 172
208 642
208 171
208 374
208 442
208 424
208 632
208 133
208 196
208 720
210 777
210 615
210 677
210 627
210 763
210 636
210 228
210 76
210 133
210 374
210 120
210 122
210 171
210 720
210 650
210 421
210 7
210 552
210 497
210 528
210 473
210 314
210 739
210 60
210 487
210 453
210 281
210 16
210 143
211 151
211 374
211 552
211 614
211 627
211 650
211 44
211 755
211 70
211 484
211 424
211 71
211 14
211 314
211 315
211 93
211 777
211 16
211 543
211 39
211 171
211 674
211 341
211 599
211 352
211 458
211 615
211 648
211 308
212 442
212 60
212 576
212 281
212 124
212 704
212 140
212 313
212 745
212 21
212 632
212 7
212 759
212 665
212 314
212 620
212 228
212 677
212 366
212 120
212 76
212 133
212 11
212 309
212 247
212 763
212 768
212 223
212 310
213 5
213 21
213 40
213 498
213 291
213 34
213 569
213 585
213 127
213 568
213 281
213 8
213 169
213 60
213 484
213 574
213 528
213 678
213 33
213 363
213 0
213 467
213 16
213 589
214 248
214 174
214 586
215 196
215 70
215 484
215 16
215 71
215 528
215 136
215 674
215 112
215 291
215 614
215 627
215 424
215 761
215 648
215 301
215 315
215 282
215 445
215 190
215 352
215 33
215 320
215 458
215 374
215 552
215 755
215 753
215 568
216 690
216 2
216 593
216 389
216 4
216 587
216 8
216 611
216 13
216 571
216 617
216 605
216 424
216 42
216 591
216 569
216 729
216 589
216 230
217 761
217 190
217 70
217 648
217 800
217 112
217 614
217 458
217 372
217 16
217 424
217 627
217 136
217 674
217 320
217 396
217 28
217 308
217 291
217 374
217 317
217 445
217 85
217 484
217 171
217 151
217 315
217 122
217 301
218 576
218 281
218 247
218 34
218 337
218 7
218 726
218 172
218 585
218 749
218 569
218 759
218 632
218 678
218 667
218 677
218 718
218 100
218 120
218 60
218 40
218 133
218 74
218 21
218 599
218 5
218 334
218 380
218 163
221 545
222 576
222 281
222 40
222 337
222 247
222 349
222 739
222 7
222 650
222 685
222 777
222 51
222 749
222 124
222 14
222 632
222 34
222 636
222 669
222 678
222 714
222 620
222 309
222 768
222 665
222 277
222 48
222 491
222 172
223 576
223 40
223 51
223 366
223 11
223 281
223 625
223 208
223 632
223 313
223 553
223 76
223 7
223 133
223 679
223 14
223 309
223 60
223 21
223 228
223 585
223 599
223 491
223 720
223 718
223 763
223 374
223 349
223 777
224 593
226 263
227 76
227 416
227 366
227 650
227 388
227 405
227 374
227 720
227 576
227 677
227 39
227 40
227 587
227 14
227 32
227 12
227 309
227 44
227 599
227 553
227 228
228 677
228 133
228 720
228 599
228 281
228 314
228 22
228 528
228 423
228 122
228 44
228 487
228 60
228 388
228 172
228 763
228 39
228 650
228 374
228 309
228 777
228 633
228 678
228 315
228 366
228 667
228 171
228 40
228 16
229 528
229 228
229 281
229 16
229 20
229 71
229 677
229 122
229 133
229 484
229 374
229 352
229 423
229 314
229 720
229 315
229 599
229 44
229 22
229 678
229 171
229 39
229 309
229 445
229 777
229 60
229 308
229 7
229 346
230 13
230 720
230 39
230 71
230 165
230 650
230 315
230 171
230 374
230 587
230 14
230 627
230 314
230 281
230 571
230 228
230 677
230 576
230 593
230 133
230 16
230 678
230 605
230 484
230 352
230 102
230 416
230 366
230 763
237 87
239 568
239 112
239 341
239 614
239 338
239 16
239 320
239 396
239 674
239 291
239 484
239 352
239 506
239 295
239 282
239 70
239 463
239 28
239 372
239 308
239 240
239 301
239 766
239 33
239 65
239 346
239 315
239 329
239 544
240 133
240 16
240 172
240 122
240 171
240 374
240 614
240 44
240 677
240 497
240 308
240 484
240 421
240 650
240 667
240 281
240 763
240 599
240 445
240 346
240 190
240 39
240 491
240 291
240 674
240 424
240 112
240 143
240 14
242 484
242 112
242 614
242 291
242 16
242 568
242 282
242 70
242 574
242 320
242 674
242 627
242 33
242 352
242 506
242 552
242 755
242 308
242 196
242 28
242 301
242 374
242 315
242 151
242 71
242 59
242 761
242 445
242 424
246 295
246 589
246 8
246 628
246 467
246 356
246 454
246 585
246 710
246 205
246 0
246 743
246 682
246 291
246 569
246 338
246 373
246 401
246 707
246 88
246 256
246 170
246 374
246 20
246 726
246 112
246 71
246 528
246 39
247 281
247 576
247 7
247 678
247 677
247 71
247 374
247 650
247 528
247 720
247 60
247 314
247 133
247 627
247 172
247 759
247 366
247 484
247 599
247 16
247 44
247 120
247 445
247 40
247 491
247 423
247 20
247 718
247 777
248 214
251 7
251 352
251 569
251 120
251 576
251 618
251 763
251 40
251 314
251 247
251 281
251 60
251 313
251 118
251 374
251 423
251 678
251 660
251 315
251 484
251 12
251 528
251 627
251 720
251 553
251 44
251 463
251 514
251 76
253 42
253 90
253 76
253 673
253 605
253 553
253 14
256 352
256 291
256 552
256 196
256 88
256 568
256 205
256 34
256 574
256 71
256 5
256 373
256 16
256 759
256 295
256 528
256 315
256 112
256 374
256 338
256 484
256 64
256 0
256 282
256 65
256 33
256 669
256 674
256 7
258 247
258 124
258 48
258 7
258 33
258 636
258 574
258 71
258 65
258 576
258 100
258 120
258 632
258 281
258 528
258 205
258 442
258 615
258 337
258 196
258 484
258 719
258 313
258 349
258 117
258 60
258 759
258 718
258 568
262 787
263 226
266 317
266 312
266 289
267 373
267 112
267 627
267 16
267 352
267 759
267 107
267 247
267 718
267 755
267 33
267 65
267 205
267 506
267 674
267 574
267 636
267 171
267 374
267 71
267 190
267 620
267 398
267 473
267 615
267 424
267 281
267 20
267 11
269 674
269 424
269 112
269 70
269 320
269 614
269 16
269 171
269 352
269 800
269 396
269 190
269 136
269 291
269 568
269 28
269 85
269 308
269 484
269 648
269 627
269 282
269 372
269 317
269 346
269 315
269 497
269 528
269 445
277 281
277 497
277 346
277 599
277 7
277 585
277 309
277 133
277 576
277 16
277 374
277 172
277 44
277 143
277 171
277 777
277 20
277 71
277 60
277 313
277 314
277 384
277 667
277 228
277 40
277 568
277 445
277 678
277 352
278 286
279 4
279 13
279 340
279 2
279 571
279 605
279 23
279 42
279 591
279 362
279 38
279 690
279 389
279 121
279 90
279 165
279 587
279 655
279 95
279 569
279 617
279 314
279 281
279 120
279 352
279 593
279 729
279 611
279 599
280 83
280 76
280 352
280 587
280 285
280 13
280 572
280 314
280 520
280 763
280 537
280 576
280 388
280 315
280 346
280 320
280 341
280 44
280 374
280 281
280 673
280 16
280 228
280 720
280 308
280 605
280 189
280 313
280 39
281 133
281 678
281 309
281 720
281 314
281 599
281 228
281 677
281 40
281 60
281 44
281 528
281 172
281 650
281 763
281 16
281 667
281 576
281 122
281 143
281 366
281 491
281 374
281 487
281 384
281 39
281 171
281 627
281 777
282 614
282 291
282 320
282 16
282 28
282 112
282 352
282 70
282 484
282 396
282 301
282 761
282 196
282 674
282 627
282 506
282 458
282 648
282 424
282 190
282 372
282 308
282 136
282 445
282 374
282 514
282 346
282 528
282 85
283 586
283 1
283 570
283 289
283 26
283 292
283 342
283 600
283 293
283 316
283 287
283 31
283 579
283 35
283 321
284 20
284 71
284 313
284 5
284 568
284 7
284 40
284 281
284 60
284 445
284 346
284 0
284 16
284 122
284 528
284 277
284 314
284 21
284 142
284 11
284 587
284 308
284 34
284 763
284 506
284 309
284 569
284 585
284 374
285 572
285 280
285 352
285 520
285 83
285 76
285 320
285 684
285 315
285 537
285 587
285 346
285 528
285 16
285 341
286 278
287 578
287 26
287 579
287 35
287 289
287 342
287 321
287 581
287 302
287 283
287 335
287 10
287 316
287 9
287 584
287 686
287 586
287 570
287 19
287 27
287 634
287 288
287 15
287 701
287 312
288 9
288 581
288 289
288 303
288 297
288 649
288 35
288 353
288 327
288 27
288 302
288 592
288 49
288 630
288 287
288 312
288 586
288 321
288 578
288 29
288 623
288 602
288 342
289 35
289 342
289 292
289 26
289 283
289 287
289 586
289 27
289 9
289 288
289 578
289 293
289 316
289 323
289 302
289 31
289 570
289 29
289 1
289 321
289 19
289 581
289 579
289 303
289 327
289 335
289 312
289 154
289 393
291 16
291 70
291 614
291 190
291 308
291 320
291 484
291 315
291 627
291 112
291 28
291 122
291 372
291 674
291 374
291 761
291 445
291 458
291 396
291 136
291 352
291 424
291 44
291 528
291 568
291 346
291 282
291 506
291 317
292 586
292 1
292 289
292 654
292 600
292 26
292 293
292 316
292 570
292 283
292 342
292 303
292 393
292 579
292 174
292 31
292 154
292 312
292 35
293 586
293 1
293 292
293 342
293 321
293 570
293 289
293 283
293 19
293 316
293 26
293 429
293 393
293 731
293 583
293 579
293 31
294 63
294 573
295 338
295 743
295 698
295 484
295 282
295 614
295 291
295 137
295 458
295 16
295 71
295 589
295 585
295 205
295 627
295 569
295 196
295 33
295 568
295 240
295 374
295 14
295 352
295 136
295 753
295 628
295 463
295 5
295 528
296 18
296 602
296 601
296 300
296 10
296 298
296 103
296 577
296 306
296 29
296 582
297 581
297 288
297 56
297 87
297 35
297 649
298 10
298 18
298 602
298 300
298 296
298 29
298 9
298 36
298 15
299 10
299 30
299 47
299 103
299 601
299 36
299 18
299 300
299 15
299 602
299 37
299 54
299 304
300 10
300 582
300 30
300 602
300 19
300 18
300 631
300 15
300 296
300 36
300 29
300 9
300 580
300 328
300 103
300 77
300 319
300 584
300 299
300 608
300 298
300 643
300 601
300 49
300 342
300 348
300 686
300 578
300 37
301 320
301 70
301 396
301 614
301 282
301 28
301 112
301 291
301 16
301 761
301 484
301 352
301 190
301 308
301 424
301 648
301 372
301 568
301 674
301 800
301 445
301 136
301 196
301 217
301 374
301 506
301 627
301 458
301 149
302 287
302 289
302 35
302 581
302 578
302 9
302 335
302 342
302 288
302 26
302 321
303 292
303 288
303 586
303 27
303 289
304 54
304 52
304 103
304 604
304 30
304 299
304 80
304 47
305 174
305 19
305 89
305 658
306 52
306 296
306 604
308 16
308 445
308 70
308 374
308 320
308 627
308 44
308 761
308 22
308 674
308 614
308 190
308 136
308 28
308 20
308 291
308 424
308 352
308 650
308 372
308 315
308 122
308 314
308 528
308 112
308 599
308 281
308 71
308 151
309 44
309 133
309 281
309 599
309 374
309 314
309 650
309 40
309 228
309 720
309 172
309 576
309 71
309 487
309 352
309 366
309 678
309 384
309 528
309 60
309 484
309 313
309 633
309 171
309 93
309 445
309 677
309 16
309 7
310 281
310 314
310 632
310 569
310 313
310 309
310 576
310 131
310 76
310 599
310 228
310 442
310 60
310 678
310 745
310 423
310 133
310 528
310 40
310 120
310 749
310 665
310 720
310 7
310 479
310 44
310 93
310 437
310 366
312 35
312 581
312 289
312 288
312 292
312 734
312 316
312 654
312 266
312 174
312 287
313 309
313 281
313 599
313 133
313 228
313 60
313 40
313 346
313 314
313 763
313 44
313 576
313 528
313 143
313 677
313 16
313 7
313 667
313 650
313 171
313 39
313 514
313 22
313 384
313 720
313 445
313 491
313 122
313 93
314 281
314 228
314 627
314 309
314 763
314 133
314 599
314 60
314 44
314 677
314 374
314 487
314 650
314 720
314 122
314 172
314 16
314 423
314 678
314 384
314 352
314 445
314 39
314 315
314 308
314 528
314 40
314 667
314 22
315 16
315 374
315 122
315 70
315 44
315 190
315 614
315 720
315 352
315 22
315 627
315 599
315 291
315 674
315 228
315 308
315 484
315 314
315 133
315 171
315 39
315 281
315 633
315 528
315 424
315 136
315 650
315 317
315 388
316 342
316 579
316 26
316 292
316 35
316 1
316 289
316 283
316 323
316 586
316 578
316 293
316 321
316 287
316 584
316 154
316 782
316 312
316 41
316 600
316 630
316 19
316 9
316 570
317 70
317 22
317 16
317 28
317 372
317 190
317 424
317 315
317 614
317 674
317 122
317 308
317 396
317 346
317 136
317 458
317 445
317 171
317 112
317 291
317 320
317 627
317 761
317 374
317 85
317 648
317 20
317 633
317 568
318 291
318 552
318 137
318 341
318 34
318 479
318 585
318 615
318 281
318 40
318 698
318 574
318 16
318 374
318 484
318 33
318 568
318 76
318 506
318 71
318 315
318 39
318 543
318 93
318 337
318 7
318 528
318 65
318 467
319 10
319 19
319 300
319 623
319 15
319 36
320 70
320 16
320 28
320 308
320 614
320 352
320 112
320 674
320 484
320 627
320 291
320 761
320 424
320 374
320 190
320 396
320 445
320 372
320 20
320 346
320 44
320 136
320 315
320 301
320 648
320 71
320 151
320 514
320 171
321 586
321 579
321 570
321 293
321 342
321 26
321 584
321 335
321 287
321 578
321 35
321 731
321 429
321 19
321 10
321 316
321 289
321 600
321 9
321 283
321 288
321 302
321 154
322 573
323 316
323 289
323 35
323 734
323 9
323 581
325 442
325 632
325 585
325 76
325 528
325 349
325 7
325 281
325 196
325 48
325 341
325 124
325 40
325 718
325 189
325 413
325 615
325 51
325 277
325 313
325 777
325 636
325 626
325 309
325 755
325 34
325 173
325 484
325 625
327 9
327 288
327 29
327 289
327 649
328 10
328 30
328 604
328 18
328 300
328 643
328 602
328 631
328 582
328 580
328 103
328 53
328 15
328 61
329 282
329 16
329 301
329 445
329 568
329 291
329 484
329 396
329 463
329 627
329 614
329 112
329 190
329 374
329 497
329 240
329 149
329 574
329 674
329 372
329 295
329 70
329 458
329 320
329 506
329 71
329 424
329 196
329 341
330 19
330 342
330 26
333 161
333 767
333 646
334 5
334 632
334 576
334 281
334 40
334 484
334 309
334 34
334 93
334 7
334 585
334 759
334 291
334 479
334 352
334 143
334 337
334 568
334 589
334 374
334 12
334 44
334 491
334 794
334 349
334 497
334 256
334 170
334 786
335 586
335 579
335 321
335 342
335 623
335 287
335 19
335 35
335 10
335 302
335 570
335 581
335 630
335 578
335 26
335 289
335 29
335 9
335 87
335 154
335 300
336 380
336 281
336 385
336 34
336 277
336 21
336 48
336 20
336 67
336 568
336 11
336 339
336 131
336 632
336 5
336 341
336 678
336 228
336 60
336 528
336 576
336 40
336 718
336 677
336 247
336 118
336 337
336 7
336 452
337 281
337 576
337 11
337 7
337 585
337 349
337 569
337 133
337 528
337 172
337 40
337 120
337 124
337 100
337 314
337 309
337 667
337 650
337 678
337 44
337 491
337 636
337 374
337 574
337 445
337 749
337 366
337 352
337 720
338 291
338 112
338 568
338 196
338 614
338 136
338 16
338 320
338 674
338 282
338 589
338 315
338 484
338 396
338 308
338 70
338 28
338 424
338 295
338 352
338 350
338 0
338 506
338 458
338 5
338 20
338 190
338 317
338 374
339 606
339 0
339 20
339 196
339 568
339 65
339 48
339 167
339 714
339 452
339 11
339 71
339 528
339 229
339 33
339 16
339 707
339 468
339 277
339 484
339 346
339 506
339 454
339 67
339 635
339 356
339 385
339 352
339 615
340 13
340 4
340 23
340 571
340 2
340 42
340 605
340 279
340 591
340 90
340 121
340 690
340 611
340 655
340 362
340 389
340 38
340 160
340 569
340 165
340 617
340 593
340 729
340 314
340 76
340 352
340 337
340 587
340 95
341 568
341 16
341 374
341 112
341 424
341 352
341 674
341 320
341 484
341 315
341 308
341 497
341 615
341 281
341 491
341 346
341 40
341 291
341 60
341 528
341 574
341 20
341 514
341 552
341 576
341 614
341 463
341 506
341 71
342 26
342 570
342 316
342 586
342 289
342 19
342 1
342 154
342 35
342 600
342 393
342 293
342 283
342 321
342 292
342 287
342 578
342 429
342 10
342 335
342 29
342 579
342 58
342 330
342 630
342 174
342 31
342 302
342 300
343 45
343 16
343 70
343 291
343 352
343 497
343 346
343 320
343 282
343 615
343 171
343 396
343 568
343 674
343 514
343 112
343 372
343 28
343 614
343 65
343 301
343 574
343 424
343 484
343 71
343 196
343 506
343 627
343 20
344 36
344 15
344 580
344 84
344 37
344 602
344 10
344 300
344 643
344 348
344 604
345 573
346 16
346 171
346 374
346 352
346 445
346 71
346 70
346 22
346 133
346 308
346 320
346 122
346 614
346 44
346 424
346 190
346 20
346 514
346 314
346 315
346 281
346 599
346 763
346 674
346 627
346 317
346 309
346 60
346 313
348 15
348 580
348 61
348 623
348 10
348 300
348 359
348 344
348 584
349 337
349 7
349 51
349 281
349 759
349 576
349 100
349 247
349 40
349 39
349 11
349 374
349 309
349 636
349 607
349 718
349 124
349 569
349 392
349 314
349 585
349 71
349 574
349 172
349 528
349 632
349 163
349 196
349 726
350 338
350 585
350 568
350 698
350 506
350 291
350 484
350 528
350 196
350 295
350 614
350 16
350 497
350 454
350 169
350 352
350 112
350 20
350 574
350 282
350 589
350 11
350 315
350 28
350 424
350 65
350 620
350 0
350 422
351 568
351 506
351 16
351 424
351 20
351 674
351 341
351 497
351 648
351 352
351 85
351 28
351 615
351 396
351 112
351 346
351 614
351 70
351 269
351 779
351 543
351 320
351 484
351 627
351 317
351 514
351 374
351 151
351 171
352 16
352 374
352 320
352 70
352 614
352 627
352 315
352 308
352 484
352 44
352 674
352 314
352 528
352 171
352 309
352 71
352 20
352 346
352 112
352 28
352 424
352 281
352 291
352 497
352 190
352 445
352 39
352 151
352 122
353 288
353 87
353 649
356 16
356 39
356 59
356 491
356 291
356 28
356 484
356 528
356 506
356 574
356 122
356 20
356 568
356 60
356 281
356 677
356 71
356 33
356 452
356 315
356 599
356 295
356 0
356 48
356 314
356 308
356 627
356 576
356 70
358 33
358 632
358 484
358 346
358 514
358 281
358 352
358 163
358 71
358 442
358 11
358 65
358 491
358 574
358 528
358 171
358 718
358 20
358 205
358 16
358 366
358 40
358 682
358 615
358 137
358 576
358 247
358 60
358 745
359 348
360 707
360 34
360 21
360 5
360 680
360 392
360 148
360 33
360 528
360 349
360 7
360 625
360 607
360 67
360 337
360 11
360 745
360 576
360 704
360 574
360 76
360 626
360 100
361 280
361 76
362 13
362 4
362 23
362 571
362 605
362 389
362 121
362 90
362 690
362 569
362 42
362 424
362 2
362 44
362 133
362 576
362 374
362 591
362 314
362 340
362 171
362 190
362 611
362 95
362 763
362 315
362 366
362 122
362 678
363 0
363 5
363 585
363 484
363 589
363 16
363 20
363 71
363 171
363 60
363 346
363 338
363 22
363 39
363 40
363 102
363 528
363 281
363 33
363 491
363 568
363 291
363 633
363 677
363 352
363 614
363 133
363 313
363 674
365 341
365 39
365 151
365 374
365 659
365 650
365 352
365 615
365 568
365 16
365 71
365 60
365 171
365 432
365 301
365 315
365 291
365 40
365 552
365 484
365 14
365 196
365 33
365 506
365 93
365 76
365 308
365 761
365 44
366 133
366 650
366 720
366 281
366 374
366 599
366 491
366 228
366 44
366 309
366 677
366 423
366 14
366 487
366 172
366 763
366 528
366 39
366 40
366 60
366 314
366 171
366 122
366 777
366 678
366 576
366 71
366 633
366 22
368 615
368 151
368 648
368 70
368 627
368 136
368 71
368 674
368 282
368 445
368 171
368 424
368 196
368 16
368 343
368 352
368 149
368 105
368 552
368 374
368 291
368 458
368 484
368 205
368 346
368 65
368 396
368 112
368 372
370 777
370 39
370 514
370 171
370 228
370 352
370 281
370 497
370 7
370 60
370 484
370 576
370 528
370 22
370 20
370 118
370 585
370 40
370 309
370 632
370 755
370 667
370 615
370 16
370 384
370 313
370 346
370 11
370 677
372 70
372 16
372 614
372 28
372 308
372 627
372 190
372 112
372 396
372 291
372 317
372 761
372 320
372 458
372 122
372 424
372 674
372 445
372 648
372 315
372 22
372 374
372 352
372 484
372 136
372 346
372 217
372 528
372 85
373 267
373 205
373 71
373 11
373 352
373 337
373 65
373 107
373 171
373 574
373 124
373 33
373 528
373 636
373 484
373 759
373 379
373 196
373 7
373 374
373 76
373 718
373 585
373 256
373 615
373 70
373 552
373 568
373 315
374 44
374 308
374 650
374 16
374 309
374 315
374 71
374 70
374 352
374 190
374 424
374 133
374 720
374 627
374 614
374 599
374 314
374 172
374 445
374 484
374 151
374 228
374 487
374 171
374 93
374 122
374 366
374 281
374 20
377 309
377 281
377 763
377 44
377 487
377 314
377 40
377 14
377 720
377 528
377 678
377 650
377 228
377 60
377 143
377 677
377 633
377 576
377 599
377 22
377 479
377 39
377 777
377 374
377 172
377 585
377 629
377 120
377 553
379 346
379 615
379 568
379 528
379 7
379 291
379 33
379 171
379 497
379 16
379 352
379 136
379 514
379 424
379 374
379 281
379 112
379 445
379 585
379 484
379 39
379 491
379 11
379 574
379 467
379 341
379 71
379 190
379 20
380 677
380 228
380 22
380 20
380 388
380 40
380 281
380 633
380 576
380 14
380 366
380 599
380 60
380 423
380 39
380 133
380 739
380 16
380 718
380 374
380 777
380 346
380 277
380 487
380 768
380 491
380 172
380 122
380 667
381 2
381 571
381 13
381 4
381 121
381 605
381 593
381 389
381 165
381 611
381 591
381 42
381 362
381 690
381 617
381 23
381 279
381 340
381 38
381 681
381 160
381 352
381 655
381 122
381 314
381 315
381 230
381 763
383 40
383 21
383 39
383 315
383 169
383 7
383 14
383 196
383 48
383 528
384 44
384 133
384 172
384 314
384 281
384 599
384 576
384 309
384 122
384 650
384 720
384 228
384 678
384 445
384 487
384 627
384 171
384 60
384 7
384 677
384 763
384 497
384 374
384 777
384 667
384 40
384 143
384 39
384 16
385 667
385 20
385 21
385 574
385 71
385 452
385 281
385 528
385 633
385 576
385 16
385 11
385 22
385 491
385 39
385 171
385 34
385 677
385 7
385 718
385 759
385 569
385 228
385 599
385 40
385 720
385 102
385 346
385 374
387 743
387 112
387 627
387 282
387 16
387 424
387 506
387 196
387 14
387 338
387 267
387 458
387 674
387 755
387 614
387 33
387 136
387 374
387 137
387 484
387 190
387 636
387 65
387 171
387 151
387 491
387 291
387 122
387 552
388 633
388 228
388 22
388 720
388 315
388 133
388 599
388 374
388 677
388 423
388 281
388 650
388 314
388 122
388 309
388 20
388 39
388 171
388 44
388 346
388 172
388 763
388 366
388 16
388 777
388 60
388 308
388 667
388 352
389 13
389 4
389 571
389 362
389 90
389 42
389 605
389 23
389 2
389 591
389 611
389 121
389 617
389 165
389 340
389 690
389 729
389 593
389 655
389 569
389 314
389 366
389 95
389 39
389 576
389 40
389 12
389 38
389 279
390 24
391 301
391 543
391 574
391 71
391 374
391 20
391 439
391 33
391 445
391 627
391 552
391 484
391 432
391 636
391 291
391 650
391 337
391 669
391 178
391 308
391 151
391 349
391 196
391 755
391 65
391 329
391 424
391 149
391 16
392 349
392 413
392 196
392 576
392 39
392 337
392 76
392 636
392 12
392 484
392 5
392 11
392 14
392 33
392 528
392 506
392 574
392 491
392 118
392 585
392 281
392 40
392 34
392 632
392 59
392 223
392 51
392 753
392 568
393 342
393 292
393 586
393 26
393 293
393 289
393 570
394 780
394 343
394 574
394 463
394 615
394 651
394 422
394 85
394 351
394 74
394 33
394 544
394 659
394 291
394 674
394 112
394 196
394 647
394 341
394 568
394 16
394 614
394 11
394 20
394 171
394 301
394 506
394 146
394 267
396 16
396 70
396 372
396 614
396 320
396 291
396 28
396 112
396 674
396 445
396 308
396 424
396 317
396 190
396 761
396 627
396 648
396 568
396 301
396 458
396 352
396 484
396 346
396 136
396 282
396 506
396 800
396 374
396 497
397 729
397 135
398 718
398 51
398 267
398 281
398 247
398 21
398 337
398 7
398 34
398 76
398 65
398 755
398 33
398 576
398 349
398 452
398 574
398 40
398 585
398 59
398 749
398 277
398 20
398 759
398 620
398 491
398 714
398 374
398 442
399 571
399 42
399 593
399 627
399 340
399 160
399 605
399 95
399 314
399 4
399 122
399 424
399 352
399 445
399 13
399 374
399 190
399 650
399 729
399 491
399 2
399 39
399 14
399 16
399 291
399 60
399 489
399 315
399 59
401 7
401 467
401 352
401 20
401 118
401 585
401 39
401 454
401 196
401 726
401 632
401 528
401 291
401 281
401 569
401 468
401 576
401 16
401 315
401 337
401 5
401 314
401 228
401 589
401 374
401 60
401 677
401 763
401 8
403 441
404 587
404 40
405 14
405 374
405 587
405 720
405 576
405 650
405 366
405 39
405 763
405 12
405 660
405 309
405 228
405 585
405 44
405 153
405 8
405 484
405 7
405 633
405 32
405 553
405 133
405 423
405 388
405 172
405 315
405 60
405 314
407 281
407 576
407 143
407 314
407 140
407 528
407 309
407 587
407 568
407 76
407 352
407 759
407 93
407 745
407 120
407 763
407 794
407 384
407 60
407 678
407 346
407 16
407 228
407 374
407 720
407 122
407 615
407 7
407 71
409 718
409 465
409 20
409 620
409 351
409 16
409 768
410 16
410 484
410 20
410 112
410 70
410 33
410 352
410 320
410 372
410 291
410 614
410 28
410 346
410 317
410 421
410 22
410 568
410 514
410 71
410 674
410 528
410 574
410 343
410 196
410 506
410 45
410 315
410 65
410 282
413 487
413 506
413 777
413 281
413 650
413 374
413 122
413 677
413 173
413 615
413 314
413 151
413 60
413 309
413 552
413 40
413 528
413 763
413 39
413 14
413 491
413 44
413 627
413 739
413 366
413 172
413 497
413 228
413 576
414 42
414 571
414 389
414 13
414 90
416 786
416 295
416 698
416 587
416 585
416 726
416 696
416 743
416 33
416 171
416 350
416 338
416 16
416 589
416 352
416 39
416 627
416 484
416 230
416 14
416 458
416 552
416 102
416 291
416 374
416 673
416 315
416 32
416 314
418 123
421 133
421 720
421 281
421 228
421 172
421 171
421 44
421 122
421 60
421 677
421 599
421 16
421 22
421 528
421 667
421 627
421 346
421 143
421 777
421 763
421 424
421 576
421 374
421 445
421 314
421 650
421 678
421 20
421 497
422 291
422 506
422 424
422 352
422 16
422 614
422 190
422 346
422 112
422 445
422 28
422 320
422 301
422 136
422 282
422 70
422 627
422 484
422 149
422 20
422 205
422 308
422 372
422 85
422 497
422 674
422 528
422 11
422 574
423 228
423 133
423 720
423 314
423 44
423 374
423 366
423 281
423 599
423 677
423 650
423 22
423 528
423 172
423 309
423 39
423 633
423 315
423 487
423 308
423 763
423 678
423 388
423 122
423 60
423 627
423 569
423 171
423 40
424 70
424 190
424 374
424 614
424 16
424 627
424 674
424 445
424 528
424 308
424 171
424 320
424 112
424 761
424 136
424 22
424 122
424 44
424 317
424 352
424 315
424 372
424 71
424 346
424 291
424 497
424 800
424 458
424 28
425 413
425 615
425 506
425 291
425 543
425 568
425 20
425 16
425 626
425 308
425 151
425 341
425 352
425 497
425 627
425 514
425 374
425 76
425 669
425 625
425 337
425 313
425 198
425 96
425 718
425 281
425 314
425 445
425 673
426 13
426 230
426 42
426 627
426 352
426 571
426 76
426 614
426 39
426 14
426 16
426 171
426 720
426 484
426 669
426 650
426 247
426 587
426 576
426 122
426 424
426 133
426 374
426 314
426 753
426 628
426 90
426 33
426 552
428 196
428 758
428 189
428 7
428 632
428 366
428 313
428 491
428 281
428 576
428 629
428 12
428 228
428 76
428 528
428 325
428 309
428 11
428 677
428 718
428 679
428 60
428 40
428 277
428 14
428 590
428 65
428 720
428 585
429 570
429 58
429 586
429 342
429 321
429 600
429 579
429 293
429 19
429 174
429 35
430 4
430 605
430 13
431 571
431 2
431 611
431 42
432 761
432 301
432 190
432 291
432 112
432 568
432 615
432 424
432 196
432 458
432 16
432 320
432 674
432 648
432 70
432 282
432 341
432 614
432 136
432 484
432 543
432 659
432 552
432 217
432 374
432 308
432 396
432 71
432 372
433 632
433 129
433 60
433 7
433 585
433 281
433 223
433 625
433 777
433 726
433 528
433 682
433 479
433 120
433 11
433 576
433 8
433 40
433 745
433 309
433 325
433 51
433 34
433 277
433 758
433 313
433 173
433 124
433 763
435 40
435 20
435 281
435 677
435 685
435 228
435 576
435 118
435 39
435 21
435 309
435 491
435 452
435 133
435 599
435 678
435 7
435 632
435 34
435 380
435 768
435 60
435 11
435 437
435 633
435 223
435 16
435 67
435 388
437 281
437 576
437 528
437 7
437 678
437 60
437 337
437 228
437 40
437 749
437 452
437 59
437 677
437 133
437 120
437 497
437 34
437 599
437 777
437 487
437 620
437 667
437 247
437 585
437 491
437 122
437 11
437 632
437 16
438 13
438 340
439 552
439 628
439 669
439 484
439 33
439 528
439 242
439 295
439 615
439 76
439 196
439 620
439 627
439 337
439 349
439 352
439 267
439 205
439 391
439 574
439 16
439 51
439 291
439 576
439 112
439 678
439 635
439 281
439 71
441 403
441 15
442 632
442 759
442 325
442 281
442 124
442 718
442 576
442 337
442 21
442 133
442 585
442 636
442 40
442 749
442 574
442 677
442 309
442 366
442 314
442 745
442 48
442 491
442 615
442 313
442 100
442 599
442 528
442 60
442 569
445 308
445 627
445 16
445 70
445 44
445 374
445 71
445 424
445 122
445 528
445 650
445 190
445 171
445 133
445 599
445 314
445 614
445 281
445 136
445 677
445 346
445 172
445 320
445 291
445 309
445 674
445 22
445 761
445 484
447 84
447 15
447 602
448 282
448 648
448 674
448 136
448 196
448 615
448 627
448 70
448 151
448 352
448 614
448 16
448 112
448 149
448 512
448 669
448 368
448 301
448 424
448 171
448 85
448 291
448 800
448 511
448 269
448 71
448 190
448 518
448 295
449 576
449 281
449 76
449 7
449 247
449 615
449 140
449 632
449 310
449 120
449 349
449 93
449 309
449 100
449 51
449 40
449 163
449 314
449 777
449 60
449 720
449 212
449 453
449 625
449 223
449 228
449 759
449 553
449 20
450 59
450 34
450 295
450 349
450 137
450 14
450 337
450 40
450 21
450 7
450 5
450 479
450 392
450 569
450 698
450 39
450 223
450 576
450 437
450 574
450 281
450 439
450 92
450 794
450 691
450 100
450 51
450 356
450 76
451 424
451 33
451 576
451 171
451 552
451 791
451 615
451 574
451 635
451 506
451 16
451 346
451 768
451 484
451 374
451 669
451 71
451 439
451 739
451 568
451 674
451 543
451 295
451 341
451 445
451 44
451 794
451 112
451 620
452 16
452 528
452 44
452 374
452 677
452 633
452 22
452 315
452 424
452 122
452 20
452 70
452 228
452 39
452 599
452 71
452 281
452 445
452 171
452 484
452 506
452 133
452 317
452 667
452 190
452 777
452 674
452 308
452 291
453 777
453 497
453 374
453 22
453 346
453 16
453 60
453 576
453 281
453 424
453 171
453 20
453 122
453 173
453 421
453 172
453 759
453 625
453 667
453 40
453 133
453 599
453 445
453 491
453 677
453 568
453 309
453 315
453 650
454 196
454 20
454 528
454 71
454 424
454 16
454 85
454 506
454 374
454 341
454 205
454 615
454 350
454 627
454 463
454 352
454 422
454 0
454 484
454 315
454 677
454 8
454 568
454 574
454 112
454 7
454 11
454 65
454 28
456 196
456 422
456 247
456 636
456 136
456 379
456 398
456 452
456 528
456 148
456 437
456 267
458 761
458 16
458 627
458 190
458 70
458 614
458 136
458 122
458 291
458 372
458 308
458 171
458 484
458 424
458 112
458 648
458 374
458 674
458 317
458 320
458 217
458 28
458 315
458 445
458 151
458 346
458 396
458 528
458 352
460 65
460 85
460 16
460 627
460 614
460 506
460 20
460 484
460 291
460 171
460 70
460 674
460 543
460 39
460 282
460 743
460 22
460 574
460 424
460 28
460 45
460 205
460 458
460 568
460 112
460 780
460 71
460 267
460 599
461 28
461 45
461 514
461 20
461 16
461 506
461 497
461 85
461 346
461 352
461 568
461 424
461 320
461 528
461 291
461 627
461 33
461 301
461 589
461 615
461 171
461 422
461 396
461 267
461 112
461 372
461 105
461 421
461 277
463 16
463 291
463 484
463 574
463 568
463 372
463 196
463 71
463 528
463 614
463 341
463 627
463 315
463 497
463 112
463 674
463 424
463 615
463 491
463 374
463 70
463 445
463 122
463 636
463 421
463 352
463 320
463 308
463 11
465 247
465 759
465 71
465 618
465 615
465 16
465 574
465 20
465 7
465 281
465 74
465 543
465 60
465 208
465 352
465 11
465 163
465 718
465 765
465 51
465 48
465 291
465 205
465 755
465 528
465 40
465 576
465 636
465 374
466 720
466 576
466 120
466 650
466 281
466 39
466 678
466 421
466 44
466 487
466 228
466 528
466 14
466 553
466 40
466 122
466 22
466 172
466 309
466 133
466 314
466 171
466 763
466 60
466 384
466 677
466 143
466 599
466 762
467 346
467 615
467 291
467 171
467 16
467 585
467 528
467 568
467 352
467 445
467 484
467 281
467 589
467 458
467 20
467 514
467 374
467 497
467 315
467 122
467 133
467 424
467 0
467 136
467 60
467 599
467 71
467 396
467 763
468 20
468 352
468 16
468 39
468 528
468 196
468 627
468 569
468 8
468 85
468 506
468 674
468 291
468 315
468 374
468 71
468 314
468 346
468 112
468 614
468 424
468 28
468 718
468 484
468 228
468 308
468 422
468 423
468 349
469 5
469 21
469 124
469 7
469 60
469 102
469 726
469 40
469 682
469 665
469 632
469 8
469 170
469 585
469 281
469 569
469 163
469 11
469 467
469 479
469 576
469 346
469 366
469 633
469 541
469 277
469 247
469 423
469 20
471 208
471 574
471 632
471 223
471 442
471 137
471 11
471 453
471 636
471 576
471 491
471 759
471 506
471 100
471 497
471 33
471 590
471 40
471 343
471 358
471 642
471 21
471 745
471 665
471 267
471 392
471 366
471 48
471 585
472 282
472 614
472 484
472 295
472 291
472 16
472 396
472 753
472 338
472 352
472 112
472 70
472 589
472 568
472 458
472 205
472 171
472 674
472 196
472 424
472 85
472 301
472 518
472 28
472 372
472 320
472 39
472 627
472 136
473 615
473 267
473 196
473 759
473 76
473 349
473 208
473 442
473 33
473 627
473 346
473 171
473 468
473 636
473 7
473 65
473 124
473 247
473 314
473 755
473 679
473 574
473 71
473 552
473 632
473 352
473 45
473 543
473 16
475 151
475 458
475 627
475 291
475 295
475 137
475 552
475 718
475 755
475 136
475 445
475 33
475 16
475 589
475 374
475 71
475 614
475 669
475 777
475 315
475 618
475 543
475 171
475 308
475 352
475 484
475 70
475 282
475 173
479 632
479 281
479 487
479 777
479 576
479 40
479 309
479 14
479 366
479 7
479 528
479 44
479 552
479 60
479 374
479 11
479 143
479 650
479 677
479 745
479 93
479 667
479 759
479 599
479 228
479 491
479 442
479 314
479 39
480 120
480 576
480 7
480 281
480 313
480 763
480 314
480 384
480 309
480 569
480 720
480 678
480 117
480 60
480 650
480 677
480 133
480 93
480 44
480 228
480 421
480 553
480 514
480 14
480 76
480 627
480 423
480 20
480 172
483 65
483 352
483 291
483 16
483 543
483 614
483 320
483 506
483 374
483 20
483 282
483 346
483 615
483 424
483 574
483 627
483 674
483 589
483 28
483 151
483 70
483 484
483 743
483 568
483 766
483 422
483 112
483 759
483 190
484 16
484 614
484 70
484 627
484 320
484 374
484 291
484 352
484 71
484 315
484 44
484 674
484 171
484 122
484 112
484 309
484 528
484 281
484 133
484 308
484 458
484 445
484 28
484 599
484 190
484 424
484 40
484 39
484 314
486 314
486 678
486 228
486 667
486 677
486 650
486 763
486 281
486 569
486 487
486 120
486 40
486 172
486 313
486 60
486 720
486 528
486 421
486 23
486 571
486 44
486 309
486 627
486 633
486 133
486 143
486 599
487 650
487 677
487 172
487 228
487 314
487 720
487 44
487 133
487 374
487 14
487 281
487 599
487 39
487 309
487 60
487 763
487 528
487 678
487 40
487 366
487 22
487 667
487 777
487 122
487 384
487 423
487 627
487 71
487 576
489 95
489 39
489 16
489 763
489 314
489 627
489 571
489 614
489 291
489 122
489 352
489 374
489 421
489 20
489 315
489 228
489 729
489 615
489 569
489 133
489 424
489 171
489 44
489 22
489 308
489 458
489 677
489 76
489 484
490 615
490 346
490 71
490 627
490 374
490 445
490 766
490 65
490 484
490 352
490 151
490 93
490 16
490 70
490 669
490 33
490 190
490 576
490 205
490 309
490 291
490 171
490 320
490 543
490 763
490 120
490 44
490 805
490 759
491 60
491 281
491 133
491 16
491 366
491 599
491 39
491 122
491 40
491 677
491 720
491 374
491 172
491 171
491 650
491 228
491 777
491 314
491 44
491 528
491 576
491 315
491 763
491 445
491 309
491 484
491 346
491 487
491 308
492 627
492 16
492 112
492 718
492 33
492 484
492 458
492 291
492 554
492 151
492 71
492 511
492 506
492 70
492 755
492 614
492 677
492 190
492 20
492 122
492 674
492 374
492 574
492 463
492 552
492 628
492 341
492 569
492 372
497 16
497 143
497 528
497 281
497 171
497 374
497 627
497 44
497 352
497 445
497 424
497 122
497 133
497 172
497 70
497 777
497 308
497 384
497 484
497 599
497 674
497 667
497 614
497 314
497 309
497 228
497 506
497 315
497 60
498 40
498 140
498 5
498 169
498 281
498 34
498 21
498 67
498 552
498 632
498 60
498 7
498 528
498 484
498 358
498 33
498 479
498 309
498 334
498 228
498 568
498 678
498 213
498 574
498 745
498 576
498 599
498 137
498 88
500 349
500 281
500 585
500 11
500 76
500 620
500 309
500 632
500 20
500 528
500 71
500 7
500 325
500 374
500 615
500 650
500 667
500 14
500 625
500 171
500 497
500 352
500 133
500 40
500 777
500 576
500 341
500 373
500 337
501 677
501 667
501 40
501 650
501 281
501 7
501 576
501 14
501 39
501 60
501 739
501 65
501 313
501 93
501 74
501 44
501 569
501 22
501 133
501 16
501 349
501 240
501 374
501 172
501 718
501 759
501 633
501 247
501 777
504 137
504 76
504 14
504 413
504 615
504 587
504 650
504 763
504 718
504 12
504 627
504 267
504 739
504 677
504 473
504 585
504 374
504 295
504 5
504 777
504 726
504 632
504 151
504 315
504 120
504 148
504 39
504 759
504 40
506 16
506 28
506 374
506 627
506 308
506 70
506 614
506 677
506 445
506 20
506 122
506 424
506 112
506 44
506 674
506 346
506 484
506 528
506 761
506 136
506 291
506 599
506 320
506 352
506 497
506 315
506 151
506 190
506 39
508 20
508 514
508 484
508 674
508 136
508 352
508 171
508 615
508 70
508 16
508 291
508 151
508 71
508 301
508 308
508 528
508 614
508 315
508 374
508 568
508 196
508 424
508 445
508 589
508 320
508 338
508 11
508 497
508 44
511 627
511 528
511 196
511 16
511 71
511 615
511 70
511 352
511 122
511 458
511 424
511 171
511 112
511 374
511 484
511 282
511 445
511 190
511 151
511 136
511 314
511 291
511 514
511 791
511 552
511 315
511 674
511 614
511 308
512 16
512 627
512 149
512 291
512 112
512 282
512 614
512 468
512 301
512 674
512 190
512 458
512 484
512 85
512 320
512 422
512 70
512 528
512 506
512 71
512 372
512 424
512 136
512 28
512 568
512 196
512 205
512 352
512 20
514 346
514 16
514 484
514 320
514 352
514 614
514 171
514 70
514 20
514 28
514 112
514 627
514 674
514 497
514 313
514 424
514 528
514 122
514 374
514 308
514 281
514 309
514 506
514 314
514 133
514 291
514 44
514 65
514 445
517 669
518 282
518 352
518 196
518 16
518 85
518 28
518 291
518 506
518 674
518 33
518 484
518 112
518 615
518 614
518 70
518 424
518 151
518 65
518 627
518 458
518 320
518 468
518 149
518 242
518 136
518 301
518 71
518 514
518 528
520 352
520 720
520 763
520 388
520 572
520 280
520 83
520 76
520 44
520 678
520 281
520 314
520 285
520 553
520 576
520 374
520 228
520 143
520 423
520 309
520 315
520 133
520 171
520 346
520 93
520 684
520 189
520 308
520 528
522 506
522 20
522 39
522 718
522 677
522 22
522 60
522 14
522 351
522 16
522 173
522 492
522 627
522 151
522 40
522 374
522 33
522 514
522 484
522 388
522 413
522 614
522 228
522 743
522 346
522 615
522 349
522 358
522 313
526 15
528 228
528 281
528 16
528 71
528 627
528 424
528 70
528 22
528 122
528 39
528 445
528 133
528 44
528 599
528 352
528 171
528 677
528 308
528 314
528 374
528 487
528 678
528 309
528 484
528 720
528 497
528 315
528 60
528 423
529 4
530 374
530 491
530 453
530 16
530 341
530 59
530 39
530 552
530 314
530 352
530 33
530 60
530 574
530 677
530 315
530 627
530 506
530 366
530 40
530 173
530 759
530 576
530 122
530 777
530 151
530 51
530 484
530 7
530 424
532 120
532 281
532 528
532 366
532 678
532 777
532 763
532 576
532 314
532 171
532 228
532 39
532 352
532 133
532 745
532 7
532 44
532 59
532 309
532 720
532 423
532 553
532 14
532 122
532 60
532 677
532 313
532 247
532 497
537 673
537 280
537 352
537 76
537 83
537 151
537 416
537 786
537 520
537 341
537 16
537 112
537 320
537 458
537 627
537 285
537 511
537 314
537 669
537 388
540 70
540 352
540 196
540 614
540 424
540 627
540 171
540 71
540 16
540 374
540 85
540 528
540 484
540 674
540 761
540 372
540 282
540 791
540 190
540 648
540 346
540 497
540 112
540 320
540 800
540 445
540 151
540 396
540 315
541 374
541 133
541 281
541 93
541 599
541 190
541 650
541 458
541 44
541 315
541 309
541 22
541 366
541 171
541 633
541 172
541 491
541 346
541 677
541 720
541 122
541 484
541 40
541 70
541 228
541 388
541 16
541 71
541 60
543 291
543 627
543 320
543 374
543 614
543 190
543 70
543 16
543 484
543 424
543 308
543 352
543 315
543 445
543 151
543 112
543 20
543 574
543 648
543 761
543 506
543 698
543 71
543 615
543 44
543 674
543 458
543 136
543 552
544 112
544 497
544 568
544 674
544 16
544 352
544 372
544 346
544 171
544 315
544 615
544 589
544 45
544 70
544 295
544 341
544 317
544 291
544 196
544 484
544 143
544 614
544 343
544 424
544 528
544 791
544 627
544 514
544 71
545 221
545 783
546 4
546 605
546 42
549 70
549 352
549 320
549 196
549 16
549 71
549 574
549 315
549 627
549 112
549 151
549 136
549 445
549 346
549 759
549 374
549 190
549 308
549 484
549 614
549 291
549 205
549 301
549 761
549 33
549 718
549 65
549 674
549 615
551 484
551 352
551 514
551 291
551 282
551 20
551 589
551 320
551 16
551 374
551 743
551 196
551 707
551 568
551 424
551 88
551 71
551 122
551 40
551 627
551 585
551 497
551 28
551 5
551 39
551 309
551 626
551 363
551 458
552 374
552 16
552 528
552 627
552 60
552 71
552 484
552 151
552 122
552 70
552 281
552 44
552 315
552 677
552 424
552 650
552 228
552 22
552 720
552 487
552 352
552 309
552 458
552 39
552 314
552 133
552 599
552 308
552 93
553 44
553 576
553 720
553 281
553 650
553 309
553 374
553 40
553 228
553 172
553 143
553 133
553 678
553 171
553 599
553 39
553 14
553 763
553 777
553 667
553 314
553 677
553 60
553 487
553 423
553 528
553 22
553 308
553 366
554 16
554 627
554 484
554 70
554 352
554 112
554 615
554 372
554 396
554 674
554 33
554 190
554 308
554 614
554 291
554 320
554 374
554 151
554 171
554 514
554 22
554 71
554 628
554 28
554 424
554 528
554 281
554 497
554 492
568 16
568 112
568 291
568 396
568 614
568 346
568 315
568 484
568 674
568 196
568 424
568 70
568 320
568 528
568 317
568 341
568 352
568 372
568 122
568 497
568 281
568 585
568 60
568 308
568 506
568 374
568 20
568 171
568 28
569 423
569 7
569 314
569 228
569 677
569 133
569 8
569 599
569 20
569 39
569 60
569 281
569 366
569 40
569 585
569 528
569 720
569 16
569 11
569 576
569 44
569 22
569 384
569 374
569 291
569 491
569 667
569 315
569 313
570 342
570 1
570 283
570 586
570 26
570 292
570 321
570 429
570 293
570 600
570 174
570 579
570 578
570 289
570 583
570 31
570 154
570 58
570 287
570 19
570 89
570 335
570 134
570 788
570 35
570 393
570 62
570 316
571 165
571 13
571 4
571 605
571 314
571 42
571 340
571 39
571 384
571 2
571 133
571 611
571 720
571 23
571 650
571 678
571 44
571 228
571 171
571 122
571 389
571 172
571 599
571 362
571 7
571 374
571 487
571 352
571 667
572 285
572 280
572 520
572 83
572 76
572 352
572 684
572 587
573 25
573 322
573 345
573 91
573 692
573 63
573 622
573 294
574 16
574 484
574 33
574 291
574 614
574 759
574 71
574 320
574 445
574 627
574 70
574 112
574 491
574 576
574 568
574 21
574 65
574 281
574 755
574 308
574 352
574 40
574 20
574 463
574 543
574 506
574 346
574 205
574 48
575 601
575 30
575 604
575 52
575 103
575 36
576 281
576 44
576 309
576 40
576 720
576 384
576 133
576 650
576 172
576 60
576 678
576 7
576 553
576 314
576 599
576 374
576 677
576 667
576 491
576 93
576 228
576 143
576 39
576 487
576 14
576 352
576 366
576 763
576 445
577 296
577 10
577 18
578 287
578 26
578 289
578 342
578 321
578 570
578 316
578 579
578 302
578 623
578 35
578 686
578 19
578 335
578 10
578 586
578 154
578 300
578 288
579 287
579 26
579 316
579 321
579 335
579 586
579 41
579 570
579 292
579 342
579 154
579 35
579 578
579 595
579 19
579 600
579 429
579 283
579 289
579 174
579 293
579 1
579 10
579 583
580 344
580 602
580 300
580 15
580 348
580 36
580 84
580 10
580 631
580 328
580 584
580 18
581 297
581 288
581 87
581 287
581 598
581 27
581 35
581 649
581 9
581 302
581 312
581 289
581 666
581 335
581 686
581 323
581 586
582 300
582 10
582 602
582 18
582 36
582 15
582 77
582 643
582 631
582 29
582 608
582 103
582 37
582 328
582 9
582 296
583 570
583 293
583 342
583 154
583 579
584 321
584 10
584 15
584 634
584 300
584 287
584 19
584 9
584 316
584 29
584 623
584 191
584 602
584 342
584 580
584 348
585 281
585 133
585 528
585 171
585 599
585 40
585 346
585 497
585 309
585 484
585 122
585 667
585 374
585 568
585 491
585 569
585 44
585 315
585 678
585 7
585 11
585 366
585 60
585 172
585 5
585 291
585 228
585 677
585 421
586 292
586 321
586 293
586 283
586 342
586 600
586 570
586 289
586 26
586 335
586 429
586 19
586 579
586 31
586 1
586 154
586 393
586 316
586 287
586 58
586 35
586 303
586 214
586 174
586 741
586 578
586 288
586 9
586 623
587 491
587 314
587 16
587 281
587 352
587 627
587 763
587 576
587 374
587 315
587 60
587 384
587 122
587 445
587 7
587 39
587 569
587 720
587 366
587 506
587 528
587 44
587 599
587 346
587 650
587 133
587 40
587 228
587 678
588 13
588 690
588 165
588 611
588 110
588 362
588 389
588 4
588 587
588 591
588 340
588 605
588 23
588 314
588 571
588 95
588 42
588 2
588 90
588 121
588 424
588 627
588 315
588 122
588 374
588 171
588 352
588 16
588 228
589 291
589 16
589 320
589 614
589 352
589 28
589 315
589 308
589 484
589 136
589 346
589 171
589 674
589 44
589 424
589 568
589 585
589 445
589 70
589 190
589 5
589 133
589 396
589 374
589 497
589 281
589 20
589 0
589 112
590 585
590 667
590 7
590 632
590 281
590 497
590 40
590 576
590 313
590 60
590 277
590 172
590 677
590 599
590 309
590 314
590 133
590 34
590 777
590 337
590 413
590 346
590 11
590 65
590 143
590 650
590 442
590 14
590 491
591 4
591 340
591 42
591 2
591 23
591 571
591 389
591 38
591 362
591 13
591 95
591 90
591 279
591 729
591 605
591 314
591 121
591 611
591 690
591 587
591 569
591 424
591 593
591 160
591 655
591 8
591 352
591 16
591 165
592 288
592 27
593 2
593 13
593 605
593 617
593 160
593 121
593 571
593 389
593 611
593 4
593 42
593 690
593 655
593 230
593 340
593 165
593 90
593 23
593 591
593 362
593 729
593 399
593 95
593 314
593 681
593 381
593 8
593 102
593 279
595 579
595 41
598 581
598 27
598 686
599 133
599 44
599 228
599 309
599 281
599 172
599 314
599 677
599 40
599 374
599 650
599 667
599 39
599 720
599 171
599 122
599 60
599 315
599 528
599 487
599 366
599 16
599 445
599 491
599 384
599 763
599 22
599 308
599 678
600 586
600 1
600 342
600 292
600 283
600 26
600 570
600 429
600 579
600 801
600 321
600 316
600 41
600 289
601 18
601 103
601 602
601 296
601 575
601 30
601 10
601 299
601 47
601 36
601 300
601 656
602 18
602 103
602 296
602 300
602 582
602 30
602 601
602 580
602 10
602 29
602 9
602 36
602 15
602 298
602 37
602 686
602 328
602 98
602 299
602 344
602 604
602 608
602 584
602 288
602 289
602 447
602 634
602 631
603 87
604 54
604 52
604 103
604 328
604 30
604 575
604 304
604 37
604 602
604 80
604 306
604 10
604 344
605 4
605 13
605 571
605 42
605 165
605 690
605 23
605 314
605 340
605 362
605 121
605 678
605 281
605 228
605 39
605 389
605 569
605 366
605 2
605 133
605 611
605 279
605 374
605 423
605 90
605 729
605 60
605 160
605 16
606 16
606 528
606 0
606 568
606 627
606 20
606 484
606 291
606 352
606 759
606 339
606 8
606 452
606 196
606 615
606 71
606 70
606 424
606 674
606 755
606 205
606 28
606 614
606 112
606 315
606 718
606 374
606 320
606 445
607 11
607 71
607 484
607 16
607 528
607 374
607 281
607 574
607 70
607 196
607 20
607 33
607 759
607 7
607 349
607 755
607 291
607 491
607 568
607 352
607 718
607 514
607 242
607 615
607 315
607 569
607 122
607 423
607 39
608 300
608 10
608 582
608 30
608 602
608 61
608 29
611 571
611 13
611 2
611 121
611 23
611 4
611 605
611 42
611 655
611 617
611 133
611 389
611 690
611 340
611 589
611 165
611 362
611 90
611 681
611 314
611 39
611 593
611 384
611 729
611 569
611 591
611 122
611 172
611 678
612 4
612 340
612 571
612 655
612 13
612 2
612 489
612 593
612 591
612 95
612 135
612 42
612 389
612 279
612 399
612 38
612 681
612 362
612 90
612 744
612 23
612 605
612 160
612 76
612 165
612 693
613 1
614 70
614 16
614 484
614 627
614 320
614 674
614 424
614 112
614 374
614 308
614 190
614 352
614 291
614 315
614 761
614 28
614 372
614 171
614 44
614 458
614 445
614 122
614 396
614 136
614 71
614 346
614 317
614 599
614 22
615 16
615 291
615 528
615 70
615 627
615 374
615 484
615 352
615 71
615 171
615 458
615 346
615 445
615 122
615 424
615 112
615 372
615 315
615 44
615 308
615 136
615 281
615 190
615 552
615 196
615 33
615 674
615 467
615 151
616 568
616 497
616 349
616 585
616 281
616 11
616 6
616 576
616 352
616 500
616 171
616 143
616 337
616 277
616 680
616 33
616 626
616 16
616 291
616 118
616 196
616 528
616 71
616 107
616 282
616 343
616 76
616 301
616 445
617 4
617 611
617 605
617 13
617 593
617 389
617 571
617 2
617 23
617 690
617 42
617 340
617 655
617 121
617 569
617 279
617 90
617 362
617 160
617 165
617 8
617 38
617 39
617 32
617 40
617 681
617 366
617 589
617 591
618 374
618 71
618 7
618 16
618 777
618 60
618 352
618 463
618 315
618 346
618 615
618 20
618 421
618 755
618 171
618 44
618 718
618 576
618 11
618 632
618 528
618 739
618 665
618 281
618 196
618 39
618 720
618 491
618 424
619 76
619 696
619 749
619 632
619 223
619 366
619 358
619 40
619 660
619 169
619 310
619 763
619 334
619 34
619 295
619 352
619 163
619 442
619 718
619 625
619 620
619 281
619 585
619 576
619 491
619 629
619 479
619 21
619 779
620 11
620 76
620 337
620 528
620 568
620 281
620 569
620 585
620 506
620 7
620 576
620 636
620 615
620 437
620 33
620 341
620 745
620 497
620 117
620 759
620 718
620 267
620 366
620 120
620 51
620 133
620 777
620 763
620 346
622 573
623 15
623 10
623 29
623 19
623 335
623 9
623 634
623 578
623 319
623 37
623 348
623 35
623 84
623 584
623 586
623 288
623 289
623 342
625 281
625 60
625 667
625 309
625 120
625 576
625 553
625 777
625 528
625 421
625 313
625 40
625 677
625 720
625 228
625 143
625 763
625 7
625 615
625 599
625 172
625 44
625 650
625 497
625 133
625 346
625 487
625 374
625 173
626 636
626 76
626 568
626 528
626 341
626 48
626 313
626 196
626 325
626 11
626 281
626 39
626 615
626 291
626 16
626 71
626 40
626 484
626 337
626 7
626 8
626 0
626 585
626 60
626 34
626 552
626 745
626 33
626 491
627 16
627 70
627 445
627 614
627 122
627 314
627 190
627 308
627 374
627 484
627 674
627 424
627 528
627 458
627 352
627 151
627 320
627 677
627 44
627 71
627 315
627 761
627 171
627 291
627 22
627 281
627 372
627 112
627 650
628 484
628 627
628 352
628 205
628 314
628 33
628 576
628 122
628 16
628 528
628 112
628 374
628 614
628 242
628 291
628 281
628 71
628 295
628 445
628 7
628 439
628 753
628 247
628 786
628 678
628 40
628 309
628 59
628 196
629 777
629 528
629 374
629 576
629 553
629 763
629 281
629 44
629 143
629 720
629 366
629 650
629 309
629 352
629 678
629 172
629 7
629 228
629 739
629 491
629 497
629 76
629 677
629 552
629 122
629 133
629 22
629 424
629 585
630 342
630 335
630 288
630 316
630 87
631 300
631 582
631 580
631 328
631 9
631 18
631 10
631 36
631 30
631 602
632 281
632 442
632 40
632 309
632 576
632 7
632 585
632 120
632 479
632 65
632 590
632 313
632 60
632 366
632 777
632 44
632 277
632 11
632 352
632 553
632 133
632 34
632 528
632 682
632 228
632 497
632 124
632 314
632 48
633 22
633 388
633 228
633 720
633 44
633 650
633 309
633 374
633 599
633 315
633 677
633 133
633 423
633 39
633 172
633 122
633 20
633 60
633 487
633 171
633 40
633 308
633 14
633 70
633 777
633 314
633 366
633 281
633 346
634 10
634 584
634 623
634 633
634 15
634 287
634 36
634 602
635 16
635 33
635 484
635 70
635 458
635 171
635 71
635 178
635 755
635 614
635 85
635 291
635 568
635 674
635 352
635 112
635 552
635 346
635 627
635 190
635 615
635 205
635 315
635 452
635 373
635 528
635 424
635 317
635 45
636 528
636 196
636 11
636 281
636 71
636 759
636 627
636 7
636 76
636 777
636 506
636 650
636 569
636 424
636 366
636 720
636 122
636 615
636 491
636 337
636 133
636 16
636 677
636 445
636 39
636 374
636 124
636 315
636 421
637 87
639 30
641 576
641 247
641 33
641 484
641 745
641 465
641 205
641 16
641 281
641 40
641 76
641 358
641 491
641 759
641 352
641 615
641 60
641 574
641 7
641 163
641 718
641 39
641 48
641 528
641 51
641 59
641 665
641 122
641 628
642 576
642 40
642 759
642 7
642 281
642 491
642 667
642 74
642 599
642 574
642 60
642 76
642 337
642 632
642 11
642 120
642 366
642 384
642 163
642 625
642 309
642 133
642 569
642 650
642 313
642 636
642 39
642 590
642 749
643 10
643 582
643 328
643 300
643 29
643 344
644 281
644 133
644 599
644 40
644 677
644 60
644 172
644 491
644 678
644 576
644 366
644 44
644 122
644 16
644 720
644 650
644 228
644 39
644 314
644 7
644 768
644 374
644 528
644 11
644 487
644 777
644 667
644 309
644 21
646 333
647 392
647 196
647 343
647 568
647 349
647 146
647 195
647 341
647 422
647 301
647 714
647 497
647 59
647 208
647 149
647 291
647 76
647 373
647 615
647 766
647 616
647 282
647 468
647 329
647 45
647 574
647 352
647 242
647 506
648 70
648 761
648 136
648 627
648 112
648 190
648 16
648 614
648 458
648 320
648 28
648 674
648 372
648 217
648 308
648 800
648 424
648 151
648 396
648 445
648 374
648 317
648 291
648 506
648 484
648 346
648 352
648 71
648 85
649 9
649 581
649 288
649 353
649 327
649 49
649 87
649 297
650 172
650 487
650 720
650 44
650 374
650 133
650 309
650 677
650 14
650 281
650 599
650 314
650 366
650 228
650 763
650 777
650 39
650 445
650 122
650 22
650 308
650 667
650 60
650 627
650 40
650 633
650 71
650 384
650 93
651 615
651 112
651 16
651 70
651 320
651 151
651 674
651 291
651 648
651 352
651 543
651 301
651 627
651 136
651 33
651 506
651 282
651 484
651 190
651 458
651 374
651 308
651 341
651 396
651 614
651 424
651 761
651 315
651 20
653 10
654 292
654 1
654 312
655 13
655 611
655 571
655 340
655 42
655 90
655 690
655 121
655 23
655 605
655 2
655 160
655 389
655 4
655 593
655 362
655 681
655 165
655 617
655 589
655 38
655 279
655 591
655 489
655 569
655 612
655 352
655 314
655 729
656 601
657 15
657 10
658 19
658 305
659 16
659 320
659 352
659 341
659 374
659 614
659 674
659 112
659 308
659 627
659 291
659 301
659 615
659 171
659 196
659 39
659 315
659 424
659 151
659 190
659 432
659 70
659 346
659 761
659 71
659 240
659 484
659 76
659 506
660 366
660 281
660 553
660 40
660 314
660 14
660 576
660 720
660 374
660 763
660 388
660 777
660 122
660 133
660 309
660 228
660 650
660 352
660 423
660 678
660 44
660 677
660 491
660 346
660 7
660 633
660 532
660 313
660 60
661 295
661 20
665 309
665 281
665 315
665 7
665 576
665 71
665 314
665 60
665 352
665 374
665 599
665 16
665 40
665 20
665 491
665 528
665 11
665 445
665 21
665 678
665 133
665 44
665 720
665 484
665 247
665 291
665 122
665 228
665 39
666 581
667 599
667 281
667 677
667 133
667 172
667 650
667 228
667 40
667 314
667 44
667 720
667 487
667 309
667 60
667 308
667 171
667 528
667 39
667 22
667 576
667 374
667 497
667 384
667 777
667 122
667 678
667 445
667 20
667 627
669 352
669 627
669 615
669 543
669 552
669 574
669 16
669 374
669 76
669 291
669 439
669 33
669 267
669 151
669 484
669 71
669 698
669 282
669 614
669 190
669 458
669 674
669 281
669 256
669 755
669 576
669 315
669 768
669 205
670 50
670 416
670 684
670 32
670 230
670 587
670 16
670 763
670 346
670 39
670 13
670 281
670 576
670 291
670 356
670 753
670 589
670 678
670 352
670 282
670 198
670 14
670 484
670 627
670 44
671 91
672 632
672 337
672 65
672 247
672 660
672 576
672 11
672 281
672 100
672 739
672 120
672 358
672 532
672 7
672 34
672 620
672 349
672 777
672 267
672 642
672 352
672 74
672 143
672 678
672 682
672 12
672 118
672 313
672 205
673 458
673 151
673 171
673 627
673 76
673 16
673 352
673 374
673 136
673 674
673 388
673 615
673 33
673 424
673 763
673 614
673 190
673 308
673 552
673 70
673 761
673 112
673 22
673 346
673 122
673 20
673 314
673 484
673 291
674 16
674 70
674 112
674 614
674 320
674 308
674 627
674 424
674 352
674 374
674 315
674 171
674 484
674 190
674 291
674 28
674 761
674 136
674 445
674 44
674 151
674 372
674 317
674 71
674 396
674 122
674 22
674 346
674 85
675 763
675 650
675 374
675 366
675 60
675 14
675 569
675 151
675 7
675 314
675 44
675 576
675 627
675 777
675 384
675 677
675 421
675 281
675 718
675 172
675 93
675 445
675 120
675 352
675 720
675 587
675 308
675 71
675 346
677 228
677 133
677 172
677 60
677 487
677 281
677 720
677 122
677 650
677 599
677 763
677 314
677 667
677 22
677 39
677 627
677 44
677 374
677 40
677 16
677 20
677 528
677 777
677 491
677 366
677 678
677 445
677 14
677 423
678 281
678 133
678 172
678 44
678 720
678 228
678 314
678 122
678 309
678 528
678 599
678 677
678 487
678 763
678 60
678 384
678 576
678 650
678 374
678 40
678 315
678 16
678 143
678 423
678 627
678 39
678 762
678 484
678 366
679 14
679 40
679 366
679 60
679 7
679 39
679 491
679 759
679 720
679 313
679 281
679 133
679 677
679 309
679 374
679 424
679 599
679 779
679 576
679 171
679 228
679 528
679 650
679 71
679 632
679 208
679 196
679 44
679 777
680 65
680 506
680 40
680 196
680 21
680 60
680 568
680 346
680 574
680 5
680 421
680 291
680 514
680 313
680 163
680 7
680 445
680 20
680 497
680 16
680 599
680 576
680 467
680 281
680 528
680 585
680 133
680 277
680 349
681 571
681 13
681 611
681 2
681 655
681 90
681 4
681 690
681 42
681 389
681 593
681 23
681 121
681 165
681 38
681 591
681 160
681 605
681 362
681 617
681 230
681 172
681 340
681 589
681 133
681 39
681 696
681 95
681 314
682 585
682 11
682 632
682 726
682 8
682 568
682 374
682 467
682 124
682 281
682 315
682 88
682 528
682 65
682 346
682 20
682 607
682 777
682 349
682 196
682 60
682 291
682 71
682 16
682 590
682 352
682 453
682 358
682 228
684 281
684 44
684 16
684 76
684 352
684 374
684 615
684 763
684 171
684 133
684 678
684 20
684 346
684 93
684 366
684 528
684 777
684 484
684 143
684 309
684 620
684 228
684 497
684 720
684 7
684 71
684 60
684 576
684 240
685 281
685 40
685 484
685 34
685 59
685 576
685 585
685 5
685 435
685 491
685 677
685 366
685 569
685 39
685 7
685 247
685 718
685 528
685 678
685 452
685 568
685 309
685 16
685 291
685 632
685 198
685 574
685 11
685 753
686 598
686 602
686 287
686 9
686 578
686 10
686 300
686 581
686 15
687 424
687 458
687 615
687 627
687 95
687 16
687 71
687 136
687 151
687 291
687 171
687 374
687 190
687 463
687 346
687 352
687 614
687 112
687 484
687 39
687 14
687 85
687 341
687 674
687 205
687 761
687 122
687 196
687 763
688 4
688 13
688 605
688 40
688 571
688 42
689 424
689 761
689 387
689 151
689 112
689 16
689 70
689 627
689 674
689 136
689 320
689 346
689 506
689 190
689 282
689 291
689 372
689 458
689 343
689 308
689 451
689 301
689 352
689 614
689 574
689 65
689 445
689 28
689 648
690 13
690 121
690 605
690 4
690 362
690 340
690 571
690 611
690 90
690 389
690 42
690 655
690 165
690 23
690 617
690 366
690 569
690 314
690 133
690 587
690 593
690 279
690 40
690 2
690 228
690 423
690 39
690 352
690 374
691 11
691 349
691 636
691 76
691 40
691 281
691 759
691 380
691 718
691 315
691 576
691 665
691 51
691 7
691 208
691 720
691 39
691 223
691 677
691 569
691 5
691 228
691 777
691 14
691 599
691 337
691 491
691 291
691 22
692 573
693 42
693 4
693 571
693 569
693 690
693 611
693 576
693 90
693 389
693 2
693 13
693 655
693 7
693 76
693 120
693 612
696 352
696 314
696 763
696 60
696 589
696 467
696 281
696 366
696 497
696 143
696 632
696 40
696 576
696 374
696 346
696 169
696 777
696 667
696 313
696 8
696 14
696 171
696 528
696 315
696 133
696 122
696 228
696 745
696 151
697 576
697 51
697 281
697 794
697 349
697 39
697 374
697 40
697 7
697 497
697 172
697 777
697 163
697 44
697 491
697 484
697 14
697 574
697 337
697 122
697 60
697 650
697 309
697 247
697 34
697 642
697 133
697 718
697 677
698 484
698 543
698 574
698 614
698 295
698 291
698 137
698 374
698 320
698 585
698 350
698 627
698 33
698 16
698 20
698 338
698 352
698 40
698 71
698 458
698 308
698 315
698 309
698 112
698 281
698 70
698 743
698 424
698 190
699 632
699 71
699 479
699 590
699 574
699 568
699 442
699 120
699 65
699 413
699 173
699 205
699 719
699 805
699 576
699 34
699 679
699 718
699 258
699 196
699 325
699 281
699 528
699 759
699 497
699 7
699 309
699 48
699 506
700 392
701 287
702 313
702 65
702 44
702 93
702 650
702 40
702 309
702 599
702 713
702 576
702 133
702 281
702 506
702 491
702 7
702 528
702 122
702 14
702 291
702 497
702 337
702 346
702 445
702 366
702 39
702 196
702 514
702 70
702 777
704 21
704 212
704 718
704 442
704 632
704 491
704 281
704 437
704 40
704 60
704 48
704 358
704 576
704 759
704 100
704 325
704 727
704 677
704 137
704 777
704 745
704 337
704 7
704 122
704 133
704 163
704 277
704 366
704 585
706 777
706 16
706 122
706 576
706 22
706 281
706 44
706 352
706 497
706 528
706 569
706 667
706 759
706 627
706 384
706 60
706 314
706 677
706 632
706 171
706 71
706 228
706 65
706 70
706 674
706 40
706 424
706 120
706 7
707 196
707 528
707 11
707 352
707 71
707 484
707 568
707 33
707 16
707 607
707 424
707 585
707 34
707 5
707 552
707 7
707 291
707 20
707 514
707 122
707 374
707 282
707 421
707 281
707 70
707 22
707 112
707 205
707 229
708 518
708 196
708 282
708 424
708 88
708 615
708 338
708 291
708 136
708 528
708 295
708 70
708 301
708 256
708 451
708 506
708 205
708 458
708 483
708 467
708 146
708 761
708 791
708 651
708 65
708 568
708 16
708 707
708 33
709 295
709 76
709 33
709 366
709 718
709 392
709 247
709 14
709 128
709 585
709 569
709 281
709 11
709 40
709 768
709 568
709 576
709 349
709 124
709 358
709 620
709 196
709 479
709 632
709 337
709 698
709 491
709 163
709 65
710 0
710 528
710 291
710 467
710 615
710 356
710 606
710 585
710 379
710 16
710 726
710 589
710 8
710 484
710 20
710 39
710 28
710 574
710 48
710 568
710 506
710 627
710 88
710 5
710 350
710 628
710 745
710 569
710 122
713 599
713 44
713 650
713 366
713 60
713 172
713 667
713 133
713 39
713 576
713 491
713 777
713 309
713 677
713 228
713 374
713 281
713 40
713 720
713 14
713 171
713 487
713 633
713 763
713 22
713 314
713 506
713 553
713 7
714 718
714 20
714 196
714 277
714 11
714 574
714 506
714 349
714 33
714 568
714 281
714 755
714 16
714 65
714 484
714 585
714 208
714 325
714 442
714 620
714 124
714 468
714 380
714 71
714 759
714 189
714 76
714 413
714 491
718 491
718 16
718 281
718 374
718 777
718 20
718 71
718 677
718 366
718 576
718 755
718 33
718 60
718 151
718 40
718 352
718 506
718 7
718 122
718 39
718 627
718 44
718 759
718 528
718 484
718 720
718 445
718 228
718 599
719 568
719 632
719 484
719 574
719 107
719 64
719 281
719 48
719 258
719 33
719 528
719 442
719 205
719 714
719 71
719 718
719 277
719 291
719 341
719 21
719 779
719 196
719 40
719 242
719 585
719 5
719 352
719 786
719 16
720 228
720 650
720 281
720 133
720 172
720 677
720 44
720 374
720 599
720 314
720 487
720 366
720 315
720 60
720 678
720 309
720 122
720 22
720 423
720 39
720 777
720 576
720 633
720 14
720 763
720 491
720 528
720 384
720 667
722 349
722 51
722 11
722 585
722 484
722 463
722 40
722 33
722 574
722 755
722 576
722 325
722 334
722 205
722 71
722 618
722 759
722 137
722 20
722 718
722 291
722 492
722 421
722 247
722 34
722 16
722 223
722 196
722 632
726 585
726 281
726 124
726 120
726 337
726 7
726 5
726 172
726 528
726 632
726 76
726 682
726 615
726 576
726 467
726 133
726 8
726 636
726 777
726 384
726 11
726 678
726 349
726 60
726 39
726 118
726 569
726 720
726 228
727 281
727 632
727 120
727 590
727 667
727 7
727 349
727 704
727 625
727 21
727 337
727 325
727 442
727 60
727 34
727 129
727 745
727 576
727 40
727 48
727 258
727 528
727 277
727 100
727 313
727 636
727 51
727 421
727 65
729 571
729 4
729 2
729 605
729 42
729 314
729 389
729 23
729 591
729 362
729 611
729 228
729 120
729 13
729 763
729 133
729 165
729 95
729 340
729 121
729 569
729 60
729 122
729 678
729 281
729 667
729 720
729 384
729 421
731 321
731 293
732 479
732 76
732 170
732 528
732 281
732 352
732 543
732 7
732 247
732 568
732 759
732 8
732 205
732 576
732 628
732 334
732 627
732 88
732 726
732 569
732 341
732 349
732 40
732 484
732 636
732 632
732 777
732 291
732 745
733 342
734 16
734 317
734 458
734 396
734 291
734 674
734 35
734 70
734 372
734 122
734 320
734 112
734 614
734 627
734 22
734 424
734 315
734 308
734 190
734 346
734 136
734 761
734 491
734 282
734 28
734 352
734 445
734 196
734 484
735 95
735 352
735 605
735 314
735 76
735 690
735 13
735 4
735 7
735 40
735 571
735 552
735 569
735 160
735 611
735 281
735 16
735 5
735 315
735 593
735 389
735 615
735 340
735 2
735 366
735 696
735 205
735 60
735 121
738 541
738 633
738 479
738 388
738 281
738 22
738 34
738 677
738 380
738 576
738 60
738 14
738 21
738 366
738 228
738 552
738 40
738 385
738 487
738 7
738 777
738 39
738 309
738 33
738 755
738 491
738 122
738 650
738 720
739 650
739 14
739 777
739 172
739 374
739 366
739 677
739 7
739 40
739 44
739 281
739 122
739 39
739 133
739 487
739 491
739 576
739 60
739 763
739 720
739 240
739 667
739 71
739 599
739 190
739 22
739 171
739 627
739 228
740 4
741 586
741 342
742 342
743 295
743 627
743 137
743 39
743 14
743 16
743 698
743 491
743 122
743 677
743 60
743 585
743 136
743 40
743 374
743 366
743 777
743 458
743 755
743 484
743 589
743 528
743 22
743 614
743 315
743 352
743 172
743 674
743 171
744 612
744 4
745 281
745 528
745 576
745 60
745 120
745 314
745 40
745 7
745 491
745 122
745 309
745 777
745 632
745 337
745 100
745 677
745 627
745 352
745 678
745 313
745 759
745 16
745 532
745 497
745 442
745 667
745 763
745 65
745 22
748 267
748 632
748 366
748 453
748 281
748 113
748 749
748 14
748 40
748 777
748 169
748 39
748 667
748 442
748 576
748 585
748 739
748 373
748 374
748 696
748 208
748 172
748 487
748 60
748 7
748 779
748 677
748 497
748 491
749 337
749 442
749 437
749 576
749 281
749 21
749 632
749 76
749 34
749 40
749 745
749 366
749 642
749 124
749 163
749 309
749 667
749 247
749 74
749 625
749 120
749 11
749 51
749 7
749 585
749 223
749 590
749 423
749 33
750 484
750 291
750 5
750 33
750 568
750 16
750 295
750 574
750 589
750 170
750 315
750 528
750 205
750 753
750 338
750 707
750 458
750 196
750 615
750 552
750 356
750 379
750 334
750 122
750 467
750 363
750 352
750 491
750 628
753 484
753 16
753 291
753 282
753 196
753 568
753 627
753 39
753 528
753 59
753 614
753 71
753 112
753 295
753 122
753 458
753 240
753 281
753 674
753 445
753 315
753 491
753 628
753 374
753 506
753 308
753 190
753 338
753 396
755 16
755 484
755 71
755 627
755 374
755 281
755 315
755 674
755 718
755 70
755 20
755 352
755 171
755 33
755 614
755 574
755 777
755 60
755 576
755 320
755 552
755 308
755 112
755 445
755 40
755 291
755 22
755 528
755 122
756 424
756 374
756 568
756 759
756 291
756 372
756 346
756 190
756 16
756 308
756 70
756 44
756 352
756 528
756 76
756 281
756 208
756 674
756 445
756 341
756 171
756 315
756 39
756 779
756 314
756 112
756 679
756 720
756 627
758 281
758 632
758 51
758 189
758 576
758 7
758 39
758 40
758 223
758 120
758 528
758 313
758 76
758 309
758 497
758 59
758 14
758 349
758 143
758 228
758 60
758 677
758 777
758 553
758 720
758 413
758 337
758 491
758 437
759 281
759 491
759 627
759 16
759 677
759 374
759 576
759 133
759 574
759 205
759 314
759 71
759 484
759 7
759 122
759 74
759 40
759 777
759 44
759 366
759 352
759 667
759 599
759 528
759 346
759 445
759 112
759 309
759 569
760 528
760 777
760 352
760 374
760 22
760 366
760 424
760 70
760 151
760 615
760 497
760 171
760 313
760 71
760 39
760 76
760 315
760 791
760 674
760 442
760 346
760 636
760 44
760 196
760 506
760 633
760 632
760 745
760 228
761 70
761 458
761 308
761 136
761 190
761 648
761 614
761 320
761 112
761 217
761 16
761 627
761 424
761 374
761 674
761 372
761 291
761 28
761 445
761 151
761 396
761 484
761 506
761 71
761 44
761 317
761 122
761 352
761 800
762 677
762 487
762 763
762 678
762 650
762 172
762 133
762 528
762 281
762 44
762 720
762 366
762 374
762 228
762 423
762 122
762 599
762 445
762 60
762 314
762 14
762 39
762 627
762 491
762 309
762 384
762 7
762 190
762 22
763 314
763 677
763 133
763 44
763 281
763 228
763 122
763 172
763 650
763 60
763 39
763 599
763 374
763 487
763 777
763 143
763 720
763 627
763 678
763 366
763 309
763 528
763 445
763 16
763 308
763 346
763 171
763 22
763 40
765 7
765 677
765 491
765 60
765 40
765 576
765 39
765 374
765 484
765 93
765 585
765 281
765 133
765 667
765 650
765 366
765 514
765 14
765 599
765 315
765 5
765 607
765 720
765 627
765 20
765 44
765 11
765 346
765 172
766 112
766 16
766 739
766 291
766 65
766 615
766 282
766 674
766 70
766 759
766 374
766 352
766 627
766 506
766 196
766 147
766 432
766 39
766 320
766 614
766 190
766 424
766 484
766 343
766 396
766 718
766 151
766 346
766 341
767 333
768 33
768 281
768 16
768 491
768 366
768 552
768 541
768 576
768 644
768 60
768 718
768 11
768 7
768 484
768 374
768 59
768 40
768 380
768 51
768 739
768 122
768 755
768 574
768 247
768 677
768 599
768 137
768 133
768 632
772 552
772 39
772 374
772 541
772 33
772 677
772 151
772 16
772 458
772 615
772 484
772 228
772 528
772 20
772 22
772 136
772 60
772 576
772 291
772 506
772 281
772 315
772 171
772 93
772 122
772 247
772 71
772 44
772 599
773 338
773 196
773 282
773 168
773 301
773 396
773 112
773 647
773 568
773 343
773 107
773 424
773 468
773 718
775 4
777 122
777 228
777 650
777 44
777 22
777 172
777 720
777 133
777 281
777 677
777 763
777 374
777 171
777 60
777 599
777 487
777 315
777 528
777 16
777 491
777 627
777 39
777 314
777 497
777 384
777 445
777 366
777 667
777 143
778 576
778 22
778 16
778 484
778 352
778 291
778 39
778 786
778 356
778 5
778 28
778 528
778 33
778 308
778 59
778 346
778 112
778 70
778 514
778 614
778 674
778 20
778 320
778 589
778 93
778 506
778 315
778 282
778 707
779 424
779 568
779 497
779 528
779 112
779 171
779 341
779 791
779 352
779 674
779 16
779 374
779 22
779 196
779 315
779 679
779 228
779 269
779 70
779 281
779 484
779 585
779 777
779 60
779 346
779 71
779 40
779 39
779 614
780 171
780 445
780 16
780 615
780 70
780 291
780 112
780 196
780 636
780 506
780 301
780 497
780 424
780 11
780 308
780 627
780 136
780 674
780 71
780 614
780 422
780 528
780 346
780 39
780 374
780 267
780 190
780 337
780 240
782 795
782 316
782 35
783 545
784 342
786 484
786 352
786 374
786 16
786 112
786 315
786 291
786 70
786 674
786 614
786 71
786 171
786 589
786 338
786 627
786 320
786 39
786 196
786 151
786 44
786 552
786 341
786 122
786 585
786 628
786 309
786 576
786 102
786 568
787 262
788 26
788 570
788 342
791 16
791 424
791 70
791 528
791 171
791 674
791 372
791 627
791 122
791 22
791 352
791 112
791 614
791 71
791 85
791 484
791 374
791 421
791 445
791 497
791 196
791 315
791 777
791 308
791 228
791 506
791 346
791 568
791 44
793 352
793 16
793 528
793 70
793 22
793 315
793 627
793 777
793 463
793 674
793 424
793 122
793 320
793 614
793 759
793 484
793 491
793 282
793 633
793 346
793 291
793 71
793 374
793 445
793 190
793 281
793 718
793 136
793 589
794 576
794 484
794 374
794 143
794 352
794 281
794 7
794 552
794 497
794 93
794 16
794 44
794 491
794 309
794 198
794 528
794 40
794 308
794 39
794 11
794 650
794 320
794 291
794 506
794 71
794 14
794 242
794 20
794 5
795 782
795 1
798 30
800 70
800 424
800 217
800 648
800 190
800 112
800 614
800 761
800 320
800 674
800 627
800 396
800 372
800 136
800 16
800 445
800 308
800 374
800 171
800 317
800 269
800 28
800 291
800 301
800 85
800 352
800 151
800 458
800 282
801 810
801 600
801 174
805 60
805 552
805 167
805 484
805 34
805 71
805 173
805 65
805 281
805 755
805 196
805 171
805 16
805 615
805 122
805 374
805 467
805 627
805 607
805 346
805 33
805 777
805 20
805 458
805 352
805 568
805 574
805 528
805 491
809 16
809 112
809 627
809 372
809 70
809 674
809 320
809 458
809 614
809 308
809 190
809 396
809 217
809 291
809 761
809 648
809 484
809 352
809 341
809 28
809 151
809 374
809 424
809 492
809 317
809 122
809 554
809 552
809 33
810 801
812 2
813 95
813 687
813 729
813 362
813 2
813 160
813 627
813 4
